1 0 1 
3 0 3 2 1 
2 0 1 2 
2 0 3 2 
1 0 3 
3 0 1 2 3 
2 0 1 4 
2 0 3 4 
3 0 1 4 5 
3 0 3 6 5 
2 0 3 6 
4 0 1 4 5 6 
5 0 1 2 3 6 7 
4 0 3 9 8 7 
3 0 3 9 8 
6 0 1 4 5 6 7 8 
2 0 3 9 
7 0 1 4 5 6 7 8 9 
3 0 3 9 10 
8 0 1 4 5 6 7 8 11 10 
4 0 3 9 10 11 
7 0 1 4 5 6 7 8 11 
4 0 3 6 7 12 
6 0 1 4 5 6 13 12 
5 0 3 6 7 12 13 
5 0 1 4 5 6 13 
5 0 3 6 13 15 14 
6 0 1 4 19 18 28 14 
4 0 3 6 13 15 
6 0 1 4 19 18 16 15 
3 0 3 6 16 
5 0 1 4 19 18 16 
4 0 1 4 5 17 
5 0 3 4 19 18 17 
4 0 3 6 16 18 
4 0 1 4 19 18 
3 0 1 4 19 
5 0 3 6 16 18 19 
4 0 1 4 19 20 
6 0 3 6 16 18 28 20 
8 0 1 4 19 20 25 24 22 21 
7 0 3 6 16 18 28 20 21 
8 0 3 6 16 18 28 20 21 22 
7 0 1 4 19 20 25 24 22 
8 0 3 6 16 18 28 20 21 23 
7 0 1 4 19 20 25 24 23 
8 0 3 6 16 18 28 20 25 24 
7 0 1 4 19 20 21 22 24 
8 0 1 4 19 20 21 22 24 25 
7 0 3 6 16 18 28 20 25 
6 0 1 4 19 20 25 26 
9 0 3 6 16 18 28 29 27 30 26 
5 0 1 4 19 20 27 
7 0 3 6 16 18 28 29 27 
5 0 3 6 16 18 28 
5 0 1 4 19 20 28 
6 0 1 4 19 20 27 29 
6 0 3 6 16 18 28 29 
6 0 1 4 19 20 27 30 
8 0 3 6 7 12 32 31 36 30 
6 0 3 6 7 12 32 31 
7 0 1 4 19 20 27 29 31 
5 0 3 6 7 12 32 
7 0 1 4 19 18 28 14 32 
6 0 3 6 7 12 32 33 
9 0 1 4 19 20 27 29 31 34 33 
7 0 3 6 7 12 32 31 34 
9 0 1 4 19 18 28 14 32 33 34 
8 0 3 6 7 12 32 31 34 35 
8 0 1 4 19 20 27 30 36 35 
7 0 1 4 19 20 27 30 36 
7 0 3 6 7 12 32 31 36 
1 1 2 
3 1 0 3 2 
2 1 0 3 
2 1 2 3 
1 1 4 
3 1 0 3 4 
2 1 4 5 
4 1 0 3 6 5 
3 1 0 3 6 
3 1 4 5 6 
4 1 0 3 6 7 
5 1 2 3 9 8 7 
4 1 0 3 9 8 
5 1 2 3 6 7 8 
3 1 0 3 9 
6 1 2 3 6 7 8 9 
4 1 0 3 9 10 
7 1 2 3 6 7 8 11 10 
5 1 0 3 9 10 11 
6 1 2 3 6 7 8 11 
5 1 0 3 6 7 12 
5 1 4 5 6 13 12 
4 1 0 3 6 13 
6 1 4 5 6 7 12 13 
5 1 4 19 18 28 14 
6 1 0 3 6 13 15 14 
5 1 0 3 6 13 15 
5 1 4 5 6 16 15 
4 1 0 3 6 16 
4 1 4 19 18 16 
3 1 4 5 17 
6 1 0 3 6 16 18 17 
3 1 4 19 18 
5 1 0 3 6 16 18 
2 1 4 19 
6 1 0 3 6 16 18 19 
3 1 4 19 20 
7 1 0 3 6 16 18 28 20 
8 1 0 3 6 16 18 28 20 21 
7 1 4 19 20 25 24 22 21 
9 1 0 3 6 16 18 28 20 21 22 
6 1 4 19 20 25 24 22 
9 1 0 3 6 16 18 28 20 21 23 
6 1 4 19 20 25 24 23 
9 1 0 3 6 16 18 28 20 25 24 
6 1 4 19 20 21 22 24 
8 1 0 3 6 16 18 28 20 25 
7 1 4 19 20 21 22 24 25 
5 1 4 19 20 25 26 
10 1 0 3 6 16 18 28 29 27 30 26 
4 1 4 19 20 27 
8 1 0 3 6 16 18 28 29 27 
4 1 4 19 20 28 
6 1 0 3 6 16 18 28 
5 1 4 19 20 27 29 
7 1 0 3 6 16 18 28 29 
5 1 4 19 20 27 30 
9 1 0 3 6 7 12 32 31 36 30 
6 1 4 19 20 27 29 31 
7 1 0 3 6 7 12 32 31 
6 1 0 3 6 7 12 32 
7 1 4 5 6 13 15 14 32 
9 1 0 3 6 7 12 32 31 34 33 
8 1 0 3 6 13 15 14 32 33 
7 1 4 19 20 27 29 31 34 
8 1 0 3 6 7 12 32 33 34 
7 1 4 19 20 27 30 36 35 
9 1 0 3 6 7 12 32 31 34 35 
6 1 4 19 20 27 30 36 
8 1 0 3 6 7 12 32 31 36 
1 2 3 
3 2 1 0 3 
2 2 1 4 
2 2 3 4 
3 2 1 4 5 
3 2 3 6 5 
2 2 3 6 
4 2 1 4 5 6 
5 2 1 0 3 6 7 
4 2 3 9 8 7 
3 2 3 9 8 
6 2 1 4 5 6 7 8 
2 2 3 9 
7 2 1 4 5 6 7 8 9 
3 2 3 9 10 
8 2 1 4 5 6 7 8 11 10 
4 2 3 9 10 11 
7 2 1 4 5 6 7 8 11 
4 2 3 6 7 12 
6 2 1 4 5 6 13 12 
5 2 3 6 7 12 13 
5 2 1 4 5 6 13 
5 2 3 6 13 15 14 
6 2 1 4 19 18 28 14 
4 2 3 6 13 15 
6 2 1 4 19 18 16 15 
3 2 3 6 16 
5 2 1 4 19 18 16 
4 2 1 4 5 17 
5 2 3 4 19 18 17 
4 2 3 6 16 18 
4 2 1 4 19 18 
3 2 1 4 19 
5 2 3 6 16 18 19 
4 2 1 4 19 20 
6 2 3 6 16 18 28 20 
8 2 1 4 19 20 25 24 22 21 
7 2 3 6 16 18 28 20 21 
8 2 3 6 16 18 28 20 21 22 
7 2 1 4 19 20 25 24 22 
8 2 3 6 16 18 28 20 21 23 
7 2 1 4 19 20 25 24 23 
8 2 3 6 16 18 28 20 25 24 
7 2 1 4 19 20 21 22 24 
8 2 1 4 19 20 21 22 24 25 
7 2 3 6 16 18 28 20 25 
6 2 1 4 19 20 25 26 
9 2 3 6 16 18 28 29 27 30 26 
5 2 1 4 19 20 27 
7 2 3 6 16 18 28 29 27 
5 2 3 6 16 18 28 
5 2 1 4 19 20 28 
6 2 1 4 19 20 27 29 
6 2 3 6 16 18 28 29 
6 2 1 4 19 20 27 30 
8 2 3 6 7 12 32 31 36 30 
6 2 3 6 7 12 32 31 
7 2 1 4 19 20 27 29 31 
5 2 3 6 7 12 32 
7 2 1 4 19 18 28 14 32 
6 2 3 6 7 12 32 33 
9 2 1 4 19 20 27 29 31 34 33 
7 2 3 6 7 12 32 31 34 
9 2 1 4 19 18 28 14 32 33 34 
8 2 3 6 7 12 32 31 34 35 
8 2 1 4 19 20 27 30 36 35 
7 2 1 4 19 20 27 30 36 
7 2 3 6 7 12 32 31 36 
1 3 4 
3 3 0 1 4 
2 3 4 5 
2 3 6 5 
1 3 6 
3 3 4 5 6 
2 3 6 7 
3 3 9 8 7 
2 3 9 8 
3 3 6 7 8 
1 3 9 
4 3 6 7 8 9 
2 3 9 10 
5 3 6 7 8 11 10 
3 3 9 10 11 
4 3 6 7 8 11 
3 3 6 7 12 
4 3 9 8 11 12 
2 3 6 13 
5 3 9 8 7 12 13 
4 3 6 13 15 14 
5 3 4 19 18 28 14 
3 3 6 13 15 
5 3 4 19 18 16 15 
2 3 6 16 
4 3 4 19 18 16 
3 3 4 5 17 
4 3 6 16 18 17 
3 3 6 16 18 
3 3 4 19 18 
2 3 4 19 
4 3 6 16 18 19 
3 3 4 19 20 
5 3 6 16 18 28 20 
7 3 4 19 20 25 24 22 21 
6 3 6 16 18 28 20 21 
7 3 6 16 18 28 20 21 22 
6 3 4 19 20 25 24 22 
7 3 6 16 18 28 20 21 23 
6 3 4 19 20 25 24 23 
7 3 6 16 18 28 20 25 24 
6 3 4 19 20 21 22 24 
7 3 4 19 20 21 22 24 25 
6 3 6 16 18 28 20 25 
5 3 4 19 20 25 26 
8 3 6 16 18 28 29 27 30 26 
4 3 4 19 20 27 
6 3 6 16 18 28 29 27 
4 3 6 16 18 28 
4 3 4 19 20 28 
5 3 4 19 20 27 29 
5 3 6 16 18 28 29 
5 3 4 19 20 27 30 
7 3 6 7 12 32 31 36 30 
5 3 6 7 12 32 31 
6 3 4 19 20 27 29 31 
5 3 6 13 15 14 32 
5 3 9 8 7 12 32 
5 3 6 7 12 32 33 
8 3 4 19 20 27 29 31 34 33 
7 3 6 13 15 14 32 33 34 
7 3 9 8 7 12 32 31 34 
7 3 6 7 12 32 31 34 35 
7 3 4 19 20 27 30 36 35 
6 3 4 19 20 27 30 36 
6 3 6 7 12 32 31 36 
1 4 5 
3 4 3 6 5 
2 4 3 6 
2 4 5 6 
4 4 3 9 8 7 
3 4 5 6 7 
3 4 3 9 8 
4 4 5 6 7 8 
2 4 3 9 
5 4 5 6 7 8 9 
3 4 3 9 10 
6 4 5 6 7 8 11 10 
4 4 3 9 10 11 
5 4 5 6 7 8 11 
4 4 3 6 7 12 
4 4 5 6 13 12 
3 4 3 6 13 
5 4 5 6 7 12 13 
4 4 19 18 28 14 
5 4 3 6 13 15 14 
4 4 3 6 13 15 
4 4 5 6 16 15 
3 4 3 6 16 
3 4 19 18 16 
2 4 5 17 
3 4 19 18 17 
2 4 19 18 
3 4 5 17 18 
1 4 19 
4 4 5 17 18 19 
2 4 19 20 
5 4 5 17 18 28 20 
6 4 19 20 25 24 22 21 
6 4 5 17 18 28 20 21 
7 4 5 17 18 28 20 21 22 
5 4 19 20 25 24 22 
7 4 5 17 18 28 20 21 23 
5 4 19 20 25 24 23 
7 4 5 17 18 28 20 25 24 
5 4 19 20 21 22 24 
6 4 19 20 21 22 24 25 
6 4 5 17 18 28 20 25 
4 4 19 20 25 26 
8 4 5 17 18 28 29 27 30 26 
3 4 19 20 27 
6 4 5 17 18 28 29 27 
3 4 19 20 28 
4 4 5 17 18 28 
4 4 19 20 27 29 
5 4 5 17 18 28 29 
7 4 5 17 18 28 20 27 30 
5 4 19 20 25 26 30 
5 4 19 20 27 29 31 
6 4 3 6 7 12 32 31 
5 4 3 6 7 12 32 
6 4 5 6 13 15 14 32 
8 4 3 6 7 12 32 31 34 33 
7 4 3 6 13 15 14 32 33 
6 4 19 20 27 29 31 34 
7 4 3 6 7 12 32 33 34 
6 4 19 20 27 30 36 35 
8 4 5 17 18 28 29 31 34 35 
5 4 19 20 27 30 36 
7 4 5 17 18 28 29 31 36 
1 5 6 
3 5 4 3 6 
2 5 6 7 
5 5 4 3 9 8 7 
3 5 6 7 8 
4 5 4 3 9 8 
3 5 4 3 9 
4 5 6 7 8 9 
4 5 4 3 9 10 
5 5 6 7 8 11 10 
4 5 6 7 8 11 
5 5 4 3 9 10 11 
3 5 6 7 12 
5 5 4 3 6 13 12 
2 5 6 13 
5 5 17 18 16 15 13 
4 5 6 13 15 14 
4 5 17 18 28 14 
3 5 6 13 15 
4 5 17 18 16 15 
2 5 6 16 
3 5 17 18 16 
1 5 17 
4 5 6 16 18 17 
2 5 17 18 
3 5 6 16 18 
2 5 4 19 
3 5 17 18 19 
3 5 4 19 20 
4 5 17 18 28 20 
7 5 4 19 20 25 24 22 21 
5 5 17 18 28 20 21 
6 5 4 19 20 25 24 22 
6 5 17 18 28 20 21 22 
6 5 4 19 20 25 24 23 
6 5 17 18 28 20 21 23 
6 5 4 19 20 21 22 24 
6 5 17 18 28 20 25 24 
7 5 4 19 20 21 22 24 25 
5 5 17 18 28 20 25 
6 5 4 19 20 27 30 26 
6 5 17 18 28 20 25 26 
4 5 4 19 20 27 
5 5 17 18 28 29 27 
3 5 17 18 28 
4 5 4 19 20 28 
4 5 17 18 28 29 
5 5 4 19 20 27 29 
6 5 4 19 20 25 26 30 
6 5 17 18 28 20 27 30 
5 5 17 18 28 29 31 
5 5 6 7 12 32 31 
4 5 6 7 12 32 
5 5 17 18 28 14 32 
5 5 6 7 12 32 33 
7 5 17 18 28 29 31 34 33 
6 5 17 18 28 29 31 34 
6 5 6 7 12 32 33 34 
7 5 17 18 28 29 31 34 35 
7 5 6 7 12 32 31 36 35 
6 5 4 19 20 27 30 36 
6 5 17 18 28 29 31 36 
1 6 7 
3 6 13 12 7 
2 6 7 8 
3 6 3 9 8 
2 6 3 9 
3 6 7 8 9 
3 6 3 9 10 
4 6 7 8 11 10 
3 6 7 8 11 
3 6 13 12 11 
2 6 7 12 
2 6 13 12 
1 6 13 
3 6 7 12 13 
3 6 13 15 14 
4 6 16 18 28 14 
2 6 13 15 
2 6 16 15 
1 6 16 
3 6 13 15 16 
2 6 5 17 
3 6 16 18 17 
2 6 16 18 
3 6 5 17 18 
3 6 3 4 19 
3 6 16 18 19 
4 6 3 4 19 20 
4 6 16 18 28 20 
5 6 3 4 19 20 21 
8 6 16 18 28 20 25 24 22 21 
6 6 3 4 19 20 21 22 
7 6 16 18 28 20 25 24 22 
6 6 3 4 19 20 21 23 
7 6 16 18 28 20 25 24 23 
6 6 3 4 19 20 25 24 
7 6 16 18 28 20 21 22 24 
5 6 3 4 19 20 25 
8 6 16 18 28 20 21 22 24 25 
6 6 3 4 19 20 25 26 
7 6 16 18 28 20 27 30 26 
5 6 3 4 19 20 27 
5 6 16 18 28 29 27 
3 6 16 18 28 
4 6 13 15 14 28 
4 6 16 18 28 29 
5 6 7 12 32 31 29 
6 6 3 4 19 20 27 30 
7 6 16 18 28 20 25 26 30 
4 6 7 12 32 31 
5 6 16 18 28 29 31 
3 6 7 12 32 
4 6 13 15 14 32 
6 6 7 12 32 31 34 33 
5 6 13 15 14 32 33 
5 6 7 12 32 31 34 
6 6 13 15 14 32 33 34 
6 6 7 12 32 31 34 35 
7 6 16 18 28 29 31 36 35 
5 6 7 12 32 31 36 
7 6 3 4 19 20 27 30 36 
1 7 8 
3 7 12 11 8 
2 7 8 9 
3 7 6 3 9 
3 7 8 9 10 
3 7 12 11 10 
2 7 8 11 
2 7 12 11 
1 7 12 
3 7 8 11 12 
2 7 6 13 
2 7 12 13 
3 7 12 32 14 
4 7 6 13 15 14 
3 7 6 16 15 
3 7 12 13 15 
2 7 6 16 
4 7 12 13 15 16 
3 7 6 5 17 
6 7 12 13 15 16 18 17 
3 7 6 16 18 
5 7 12 32 14 28 18 
4 7 6 16 18 19 
5 7 8 9 3 4 19 
5 7 6 3 4 19 20 
5 7 12 32 14 28 20 
6 7 6 3 4 19 20 21 
9 7 12 32 14 28 20 25 24 22 21 
7 7 6 3 4 19 20 21 22 
8 7 12 32 14 28 20 25 24 22 
7 7 6 3 4 19 20 21 23 
8 7 12 32 14 28 20 25 24 23 
7 7 6 3 4 19 20 25 24 
8 7 12 32 14 28 20 21 22 24 
6 7 6 3 4 19 20 25 
9 7 12 32 14 28 20 27 30 26 25 
6 7 12 32 31 36 30 26 
7 7 6 3 4 19 20 25 26 
5 7 12 32 31 29 27 
6 7 6 3 4 19 20 27 
4 7 12 32 14 28 
4 7 6 16 18 28 
4 7 12 32 31 29 
5 7 6 16 18 28 29 
5 7 12 32 31 36 30 
7 7 6 3 4 19 20 27 30 
3 7 12 32 31 
6 7 6 16 18 28 29 31 
2 7 12 32 
5 7 6 13 15 14 32 
3 7 12 32 33 
8 7 6 16 18 28 29 31 34 33 
4 7 12 32 31 34 
7 7 6 13 15 14 32 33 34 
5 7 12 32 31 34 35 
8 7 6 16 18 28 29 31 36 35 
4 7 12 32 31 36 
8 7 6 3 4 19 20 27 30 36 
1 8 9 
3 8 11 10 9 
2 8 9 10 
2 8 11 10 
1 8 11 
3 8 9 10 11 
2 8 7 12 
2 8 11 12 
3 8 7 6 13 
3 8 11 12 13 
4 8 7 12 32 14 
5 8 11 12 13 15 14 
4 8 7 6 13 15 
5 8 9 3 6 16 15 
3 8 7 6 16 
5 8 11 12 13 15 16 
5 8 7 6 16 18 17 
5 8 9 3 6 5 17 
5 8 7 6 5 17 18 
5 8 9 3 6 16 18 
4 8 9 3 4 19 
5 8 7 6 16 18 19 
5 8 9 3 4 19 20 
6 8 7 12 32 14 28 20 
9 8 9 3 4 19 20 25 24 22 21 
7 8 7 12 32 14 28 20 21 
8 8 9 3 4 19 20 25 24 22 
8 8 7 12 32 14 28 20 21 22 
8 8 9 3 4 19 20 25 24 23 
8 8 7 12 32 14 28 20 21 23 
8 8 9 3 4 19 20 21 22 24 
8 8 7 12 32 14 28 20 25 24 
6 8 9 3 4 19 20 25 
8 8 7 12 32 31 36 30 26 25 
7 8 9 3 4 19 20 25 26 
7 8 7 12 32 31 36 30 26 
6 8 9 3 4 19 20 27 
6 8 7 12 32 31 29 27 
5 8 7 6 16 18 28 
5 8 11 12 32 14 28 
5 8 7 12 32 31 29 
7 8 11 12 13 15 14 28 29 
6 8 7 12 32 31 36 30 
7 8 9 3 4 19 20 27 30 
4 8 7 12 32 31 
8 8 11 12 13 15 14 28 29 31 
3 8 7 12 32 
6 8 11 12 13 15 14 32 
7 8 7 12 13 15 14 32 33 
6 8 7 12 32 31 34 33 
5 8 7 12 32 31 34 
8 8 11 12 13 15 14 32 33 34 
6 8 7 12 32 31 36 35 
9 8 11 12 13 15 14 32 33 34 35 
5 8 7 12 32 31 36 
8 8 9 3 4 19 20 27 30 36 
1 9 10 
3 9 8 11 10 
2 9 8 11 
2 9 10 11 
3 9 8 7 12 
3 9 10 11 12 
3 9 3 6 13 
4 9 8 7 12 13 
5 9 3 6 13 15 14 
5 9 8 7 12 32 14 
4 9 3 6 13 15 
5 9 8 7 6 16 15 
5 9 3 6 13 15 16 
4 9 8 7 6 16 
4 9 3 4 5 17 
6 9 8 7 6 16 18 17 
4 9 3 4 19 18 
5 9 8 7 6 16 18 
3 9 3 4 19 
6 9 8 7 6 16 18 19 
4 9 3 4 19 20 
7 9 8 7 12 32 14 28 20 
8 9 3 4 19 20 25 24 22 21 
8 9 8 7 12 32 14 28 20 21 
9 9 8 7 12 32 14 28 20 21 22 
7 9 3 4 19 20 25 24 22 
9 9 8 7 12 32 14 28 20 21 23 
7 9 3 4 19 20 25 24 23 
9 9 8 7 12 32 14 28 20 25 24 
7 9 3 4 19 20 21 22 24 
5 9 3 4 19 20 25 
9 9 8 7 12 32 31 36 30 26 25 
6 9 3 4 19 20 25 26 
8 9 8 7 12 32 31 36 30 26 
5 9 3 4 19 20 27 
7 9 8 7 12 32 31 29 27 
5 9 3 4 19 20 28 
6 9 8 7 6 16 18 28 
6 9 3 4 19 20 27 29 
6 9 8 7 12 32 31 29 
6 9 3 4 19 20 27 30 
7 9 8 7 12 32 31 36 30 
5 9 8 7 12 32 31 
7 9 3 4 19 20 27 29 31 
4 9 8 7 12 32 
6 9 3 6 13 15 14 32 
5 9 8 7 12 32 33 
9 9 3 4 19 20 27 29 31 34 33 
6 9 8 7 12 32 31 34 
8 9 3 6 13 15 14 32 33 34 
7 9 8 7 12 32 31 34 35 
8 9 3 4 19 20 27 30 36 35 
6 9 8 7 12 32 31 36 
7 9 3 4 19 20 27 30 36 
1 10 11 
3 10 9 8 11 
2 10 11 12 
4 10 9 8 7 12 
3 10 11 12 13 
4 10 9 3 6 13 
4 10 11 12 32 14 
6 10 9 3 6 13 15 14 
4 10 11 12 13 15 
5 10 9 3 6 16 15 
4 10 9 3 6 16 
5 10 11 12 13 15 16 
5 10 9 3 4 5 17 
7 10 11 8 7 6 16 18 17 
5 10 9 3 4 19 18 
6 10 11 8 7 6 16 18 
4 10 9 3 4 19 
7 10 11 8 7 6 16 18 19 
5 10 9 3 4 19 20 
6 10 11 12 32 14 28 20 
9 10 9 3 4 19 20 25 24 22 21 
7 10 11 12 32 14 28 20 21 
8 10 9 3 4 19 20 25 24 22 
8 10 11 12 32 14 28 20 21 22 
8 10 9 3 4 19 20 25 24 23 
8 10 11 12 32 14 28 20 21 23 
8 10 9 3 4 19 20 21 22 24 
8 10 11 12 32 14 28 20 25 24 
6 10 9 3 4 19 20 25 
8 10 11 12 32 31 36 30 26 25 
7 10 9 3 4 19 20 25 26 
7 10 11 12 32 31 36 30 26 
6 10 9 3 4 19 20 27 
6 10 11 12 32 31 29 27 
5 10 11 12 32 14 28 
6 10 9 3 6 16 18 28 
5 10 11 12 32 31 29 
7 10 9 3 6 16 18 28 29 
6 10 11 12 32 31 36 30 
7 10 9 3 4 19 20 27 30 
4 10 11 12 32 31 
8 10 9 3 4 19 20 27 29 31 
3 10 11 12 32 
7 10 9 3 6 13 15 14 32 
4 10 11 12 32 33 
10 10 9 3 4 19 20 27 29 31 34 33 
5 10 11 12 32 31 34 
9 10 9 3 6 13 15 14 32 33 34 
6 10 11 12 32 31 34 35 
9 10 9 3 4 19 20 27 30 36 35 
5 10 11 12 32 31 36 
8 10 9 3 4 19 20 27 30 36 
1 11 12 
3 11 8 7 12 
2 11 12 13 
4 11 8 7 6 13 
3 11 12 32 14 
6 11 8 7 6 13 15 14 
3 11 12 13 15 
5 11 8 7 6 16 15 
4 11 8 7 6 16 
4 11 12 13 15 16 
5 11 8 7 6 5 17 
6 11 12 13 6 16 18 17 
5 11 8 7 6 16 18 
6 11 12 13 6 5 17 18 
5 11 8 9 3 4 19 
6 11 12 7 6 16 18 19 
5 11 12 32 14 28 20 
6 11 8 9 3 4 19 20 
9 11 12 32 14 28 20 25 24 22 21 
7 11 8 9 3 4 19 20 21 
8 11 12 32 14 28 20 25 24 22 
8 11 8 9 3 4 19 20 21 22 
8 11 12 32 14 28 20 25 24 23 
8 11 8 9 3 4 19 20 21 23 
8 11 12 32 14 28 20 21 22 24 
8 11 8 9 3 4 19 20 25 24 
9 11 12 32 14 28 20 27 30 26 25 
7 11 8 9 3 4 19 20 25 
6 11 12 32 31 36 30 26 
8 11 8 9 3 4 19 20 25 26 
5 11 12 32 31 29 27 
7 11 8 9 3 4 19 20 27 
4 11 12 32 14 28 
6 11 8 7 6 16 18 28 
4 11 12 32 31 29 
7 11 8 7 6 16 18 28 29 
5 11 12 32 31 36 30 
8 11 8 9 3 4 19 20 27 30 
3 11 12 32 31 
8 11 8 7 6 16 18 28 29 31 
2 11 12 32 
7 11 8 7 6 13 15 14 32 
3 11 12 32 33 
10 11 8 7 6 16 18 28 29 31 34 33 
4 11 12 32 31 34 
9 11 8 7 6 13 15 14 32 33 34 
5 11 12 32 31 34 35 
10 11 8 9 3 4 19 20 27 30 36 35 
4 11 12 32 31 36 
9 11 8 9 3 4 19 20 27 30 36 
1 12 13 
3 12 7 6 13 
2 12 32 14 
3 12 13 15 14 
2 12 13 15 
3 12 32 14 15 
3 12 7 6 16 
3 12 13 15 16 
4 12 7 6 5 17 
5 12 13 6 16 18 17 
4 12 7 6 16 18 
4 12 32 14 28 18 
5 12 7 6 3 4 19 
5 12 13 6 16 18 19 
5 12 32 31 29 27 20 
5 12 13 15 14 28 20 
9 12 32 31 29 27 20 25 24 22 21 
6 12 13 15 14 28 20 21 
8 12 32 31 29 27 20 25 24 22 
7 12 13 15 14 28 20 21 22 
8 12 32 31 29 27 20 25 24 23 
7 12 13 15 14 28 20 21 23 
8 12 32 31 29 27 20 21 22 24 
7 12 13 15 14 28 20 25 24 
6 12 32 31 36 30 26 25 
6 12 13 15 14 28 20 25 
5 12 32 31 36 30 26 
7 12 13 15 14 28 20 25 26 
4 12 32 31 29 27 
6 12 13 15 14 28 20 27 
4 12 32 31 29 28 
4 12 13 15 14 28 
3 12 32 31 29 
5 12 13 15 14 28 29 
4 12 32 31 36 30 
7 12 13 15 14 28 20 27 30 
2 12 32 31 
6 12 13 15 14 28 29 31 
1 12 32 
4 12 13 15 14 32 
5 12 13 15 14 32 33 
4 12 32 31 34 33 
3 12 32 31 34 
6 12 13 15 14 32 33 34 
4 12 32 31 36 35 
7 12 13 15 14 32 33 34 35 
3 12 32 31 36 
8 12 13 15 14 28 20 27 30 36 
2 13 15 14 
3 13 12 32 14 
1 13 15 
3 13 6 16 15 
2 13 6 16 
2 13 15 16 
3 13 6 5 17 
4 13 15 16 18 17 
4 13 6 5 17 18 
3 13 15 16 18 
4 13 6 3 4 19 
4 13 15 16 18 19 
4 13 15 14 28 20 
5 13 6 3 4 19 20 
8 13 15 14 28 20 25 24 22 21 
6 13 6 3 4 19 20 21 
7 13 15 14 28 20 25 24 22 
7 13 6 3 4 19 20 21 22 
7 13 15 14 28 20 25 24 23 
7 13 6 3 4 19 20 21 23 
7 13 15 14 28 20 21 22 24 
7 13 6 3 4 19 20 25 24 
5 13 15 14 28 20 25 
7 13 12 32 31 36 30 26 25 
6 13 15 14 28 20 25 26 
6 13 12 32 31 36 30 26 
5 13 15 14 28 20 27 
5 13 12 32 31 29 27 
3 13 15 14 28 
4 13 6 16 18 28 
4 13 15 14 28 29 
4 13 12 32 31 29 
5 13 12 32 31 36 30 
6 13 15 14 28 20 27 30 
3 13 12 32 31 
5 13 15 14 28 29 31 
2 13 12 32 
3 13 15 14 32 
5 13 12 32 31 34 33 
4 13 15 14 32 33 
4 13 12 32 31 34 
5 13 15 14 32 33 34 
5 13 12 32 31 36 35 
6 13 15 14 32 33 34 35 
6 13 12 32 33 34 35 36 
5 13 15 14 32 31 36 
1 14 15 
4 14 32 12 13 15 
2 14 15 16 
3 14 28 18 16 
3 14 28 18 17 
5 14 15 13 6 5 17 
2 14 28 18 
3 14 15 16 18 
3 14 28 20 19 
4 14 15 16 18 19 
2 14 28 20 
5 14 15 16 18 19 20 
3 14 28 20 21 
9 14 32 31 36 30 26 25 24 22 21 
4 14 28 20 21 22 
8 14 32 31 36 30 26 25 24 22 
4 14 28 20 21 23 
8 14 32 31 36 30 26 25 24 23 
7 14 15 16 18 19 20 25 24 
5 14 28 20 21 22 24 
3 14 28 20 25 
6 14 32 31 36 30 26 25 
4 14 28 20 25 26 
5 14 32 31 36 30 26 
3 14 28 20 27 
4 14 32 31 29 27 
1 14 28 
4 14 15 16 18 28 
2 14 28 29 
3 14 32 31 29 
4 14 28 20 27 30 
4 14 32 31 36 30 
2 14 32 31 
3 14 28 29 31 
1 14 32 
4 14 15 13 12 32 
2 14 32 33 
5 14 28 29 31 34 33 
3 14 32 33 34 
4 14 28 29 31 34 
4 14 32 31 34 35 
5 14 28 29 31 36 35 
3 14 32 31 36 
5 14 28 20 27 30 36 
1 15 16 
3 15 13 6 16 
3 15 16 18 17 
4 15 13 6 5 17 
2 15 16 18 
3 15 14 28 18 
3 15 16 18 19 
4 15 14 28 20 19 
3 15 14 28 20 
4 15 16 18 19 20 
7 15 14 28 20 25 24 22 21 
5 15 16 18 19 20 21 
6 15 14 28 20 25 24 22 
6 15 16 18 19 20 21 22 
6 15 14 28 20 25 24 23 
6 15 16 18 19 20 21 23 
6 15 14 28 20 21 22 24 
6 15 16 18 19 20 25 24 
7 15 14 28 20 21 22 24 25 
5 15 16 18 19 20 25 
6 15 14 28 29 27 30 26 
6 15 16 18 28 20 25 26 
4 15 14 28 20 27 
5 15 16 18 28 29 27 
2 15 14 28 
3 15 16 18 28 
3 15 14 28 29 
5 15 13 12 32 31 29 
6 15 14 28 29 31 36 30 
6 15 16 18 28 20 27 30 
3 15 14 32 31 
5 15 16 18 28 29 31 
2 15 14 32 
3 15 13 12 32 
5 15 14 32 31 34 33 
4 15 13 12 32 33 
4 15 14 32 31 34 
5 15 13 12 32 33 34 
5 15 14 32 31 36 35 
6 15 13 12 32 33 34 35 
6 15 14 32 33 34 35 36 
5 15 13 12 32 31 36 
2 16 18 17 
3 16 6 5 17 
1 16 18 
4 16 6 5 17 18 
2 16 18 19 
4 16 6 3 4 19 
3 16 18 19 20 
4 16 15 14 28 20 
7 16 18 19 20 25 24 22 21 
5 16 15 14 28 20 21 
6 16 18 19 20 25 24 22 
6 16 15 14 28 20 21 22 
6 16 18 19 20 25 24 23 
6 16 15 14 28 20 21 23 
6 16 18 19 20 21 22 24 
6 16 15 14 28 20 25 24 
7 16 18 19 20 21 22 24 25 
5 16 15 14 28 20 25 
6 16 18 19 20 27 30 26 
6 16 15 14 28 20 25 26 
4 16 18 19 20 27 
5 16 15 14 28 29 27 
2 16 18 28 
3 16 15 14 28 
5 16 18 28 20 27 29 
4 16 15 14 28 29 
6 16 18 19 20 25 26 30 
6 16 15 14 28 20 27 30 
4 16 18 28 29 31 
4 16 15 14 32 31 
3 16 15 14 32 
4 16 6 7 12 32 
4 16 15 14 32 33 
6 16 18 28 29 31 34 33 
5 16 18 28 29 31 34 
5 16 15 14 32 33 34 
6 16 18 28 29 31 34 35 
6 16 15 14 32 31 36 35 
6 16 18 28 29 27 30 36 
5 16 15 14 32 31 36 
1 17 18 
4 17 5 6 16 18 
2 17 18 19 
3 17 5 4 19 
3 17 18 28 20 
4 17 5 4 19 20 
7 17 18 28 20 25 24 22 21 
5 17 5 4 19 20 21 
6 17 18 28 20 25 24 22 
6 17 5 4 19 20 21 22 
6 17 18 28 20 25 24 23 
6 17 5 4 19 20 21 23 
6 17 18 28 20 21 22 24 
6 17 5 4 19 20 25 24 
7 17 18 28 20 21 22 24 25 
5 17 5 4 19 20 25 
6 17 18 28 20 27 30 26 
6 17 5 4 19 20 25 26 
4 17 18 28 29 27 
5 17 5 4 19 20 27 
2 17 18 28 
5 17 5 4 19 20 28 
3 17 18 28 29 
6 17 5 4 19 20 27 29 
6 17 18 28 20 25 26 30 
6 17 5 4 19 20 27 30 
4 17 18 28 29 31 
6 17 5 6 7 12 32 31 
4 17 18 28 14 32 
5 17 5 6 7 12 32 
7 17 18 28 14 32 31 34 33 
6 17 5 6 7 12 32 33 
5 17 18 28 29 31 34 
7 17 5 6 7 12 32 33 34 
6 17 18 28 29 31 34 35 
8 17 5 6 7 12 32 31 36 35 
5 17 18 28 29 31 36 
7 17 5 4 19 20 27 30 36 
1 18 19 
3 18 28 20 19 
2 18 19 20 
2 18 28 20 
3 18 19 20 21 
6 18 28 20 25 24 22 21 
4 18 19 20 21 22 
5 18 28 20 25 24 22 
4 18 19 20 21 23 
5 18 28 20 25 24 23 
4 18 19 20 25 24 
5 18 28 20 21 22 24 
3 18 19 20 25 
6 18 28 20 21 22 24 25 
4 18 19 20 25 26 
5 18 28 20 27 30 26 
3 18 19 20 27 
3 18 28 29 27 
1 18 28 
3 18 19 20 28 
2 18 28 29 
4 18 19 20 27 29 
4 18 19 20 27 30 
5 18 28 20 25 26 30 
3 18 28 29 31 
5 18 16 15 14 32 31 
4 18 28 29 31 32 
4 18 16 15 14 32 
5 18 28 29 31 34 33 
5 18 16 15 14 32 33 
4 18 28 29 31 34 
6 18 16 15 14 32 33 34 
5 18 28 29 31 34 35 
6 18 19 20 27 30 36 35 
4 18 28 29 31 36 
5 18 19 20 27 30 36 
1 19 20 
3 19 18 28 20 
5 19 20 25 24 22 21 
4 19 18 28 20 21 
5 19 18 28 20 21 22 
4 19 20 25 24 22 
5 19 18 28 20 21 23 
4 19 20 25 24 23 
5 19 18 28 20 25 24 
4 19 20 21 22 24 
5 19 20 21 22 24 25 
4 19 18 28 20 25 
3 19 20 25 26 
6 19 18 28 29 27 30 26 
2 19 20 27 
4 19 18 28 29 27 
2 19 18 28 
2 19 20 28 
3 19 20 27 29 
3 19 18 28 29 
5 19 18 28 20 27 30 
4 19 20 25 26 30 
4 19 20 27 29 31 
5 19 18 28 14 32 31 
4 19 18 28 14 32 
5 19 20 28 29 31 32 
5 19 18 28 14 32 33 
6 19 20 28 29 31 34 33 
5 19 20 27 29 31 34 
6 19 18 28 14 32 33 34 
5 19 20 27 30 36 35 
6 19 18 28 29 31 34 35 
4 19 20 27 30 36 
5 19 18 28 29 31 36 
1 20 21 
4 20 25 24 22 21 
2 20 21 22 
3 20 25 24 22 
2 20 21 23 
3 20 25 24 23 
2 20 25 24 
3 20 21 22 24 
1 20 25 
4 20 21 22 24 25 
2 20 25 26 
3 20 27 30 26 
1 20 27 
3 20 28 29 27 
1 20 28 
3 20 19 18 28 
2 20 27 29 
2 20 28 29 
2 20 27 30 
3 20 25 26 30 
3 20 27 29 31 
4 20 28 14 32 31 
3 20 28 14 32 
4 20 27 29 31 32 
4 20 28 14 32 33 
5 20 27 29 31 34 33 
4 20 27 29 31 34 
5 20 28 14 32 33 34 
4 20 27 30 36 35 
5 20 28 29 31 34 35 
3 20 27 30 36 
4 20 28 29 31 36 
1 21 22 
3 21 23 24 22 
1 21 23 
3 21 22 24 23 
2 21 22 24 
2 21 23 24 
2 21 20 25 
3 21 22 24 25 
4 21 20 27 30 26 
4 21 22 24 25 26 
2 21 20 27 
6 21 22 24 25 26 30 27 
5 21 22 24 25 20 28 
4 21 20 19 18 28 
3 21 20 27 29 
6 21 22 24 25 20 28 29 
3 21 20 27 30 
5 21 22 24 25 26 30 
4 21 20 27 29 31 
7 21 22 24 25 26 30 36 31 
7 21 22 24 25 20 28 14 32 
5 21 20 27 29 31 32 
8 21 22 24 25 20 28 14 32 33 
6 21 20 27 29 31 34 33 
5 21 20 27 29 31 34 
8 21 22 24 25 26 30 36 35 34 
6 21 20 27 29 31 34 35 
7 21 22 24 25 26 30 36 35 
5 21 20 27 29 31 36 
6 21 22 24 25 26 30 36 
2 22 21 23 
2 22 24 23 
1 22 24 
3 22 21 23 24 
2 22 24 25 
3 22 21 20 25 
3 22 24 25 26 
5 22 21 20 27 30 26 
5 22 21 20 28 29 27 
4 22 24 25 20 27 
5 22 21 20 19 18 28 
4 22 24 25 20 28 
4 22 21 20 27 29 
5 22 24 25 20 28 29 
4 22 24 25 26 30 
4 22 21 20 27 30 
6 22 21 20 28 14 32 31 
6 22 24 25 20 27 29 31 
6 22 21 20 27 29 31 32 
6 22 24 25 20 28 14 32 
7 22 21 20 27 29 31 34 33 
7 22 24 25 20 28 14 32 33 
7 22 21 20 28 14 32 33 34 
7 22 24 25 20 27 29 31 34 
6 22 24 25 26 30 36 35 
7 22 21 20 27 29 31 34 35 
5 22 24 25 26 30 36 
6 22 21 20 27 29 31 36 
1 23 24 
3 23 21 22 24 
2 23 24 25 
3 23 21 20 25 
3 23 24 25 26 
5 23 21 20 27 30 26 
5 23 21 20 28 29 27 
4 23 24 25 20 27 
5 23 21 20 19 18 28 
4 23 24 25 20 28 
4 23 21 20 27 29 
5 23 24 25 20 28 29 
4 23 24 25 26 30 
4 23 21 20 27 30 
6 23 21 20 28 14 32 31 
6 23 24 25 20 27 29 31 
6 23 21 20 27 29 31 32 
6 23 24 25 20 28 14 32 
7 23 21 20 27 29 31 34 33 
7 23 24 25 20 28 14 32 33 
7 23 21 20 28 14 32 33 34 
7 23 24 25 20 27 29 31 34 
6 23 24 25 26 30 36 35 
7 23 21 20 27 29 31 34 35 
5 23 24 25 26 30 36 
6 23 21 20 27 29 31 36 
1 24 25 
4 24 22 21 20 25 
2 24 25 26 
6 24 22 21 20 27 30 26 
4 24 25 26 30 27 
4 24 22 21 20 27 
5 24 25 20 19 18 28 
4 24 22 21 20 28 
4 24 25 20 27 29 
5 24 22 21 20 28 29 
3 24 25 26 30 
5 24 22 21 20 27 30 
5 24 25 26 30 36 31 
6 24 22 21 20 27 29 31 
6 24 25 20 27 29 31 32 
6 24 22 21 20 28 14 32 
7 24 25 20 27 29 31 34 33 
7 24 22 21 20 28 14 32 33 
6 24 25 26 30 36 35 34 
7 24 22 21 20 27 29 31 34 
5 24 25 26 30 36 35 
8 24 22 21 20 27 29 31 34 35 
4 24 25 26 30 36 
7 24 22 21 20 27 29 31 36 
1 25 26 
4 25 20 27 30 26 
2 25 20 27 
3 25 26 30 27 
2 25 20 28 
5 25 26 30 27 29 28 
3 25 20 28 29 
4 25 26 30 27 29 
2 25 26 30 
3 25 20 27 30 
4 25 20 27 29 31 
4 25 26 30 36 31 
4 25 20 28 14 32 
5 25 26 30 36 31 32 
5 25 20 28 14 32 33 
6 25 26 30 36 31 34 33 
5 25 20 27 29 31 34 
5 25 26 30 36 35 34 
4 25 26 30 36 35 
6 25 20 27 29 31 34 35 
3 25 26 30 36 
5 25 20 27 29 31 36 
2 26 30 27 
3 26 25 20 27 
3 26 25 20 28 
4 26 30 27 29 28 
3 26 30 27 29 
4 26 25 20 28 29 
1 26 30 
4 26 25 20 27 30 
3 26 30 36 31 
5 26 25 20 27 29 31 
4 26 30 36 31 32 
5 26 25 20 28 14 32 
5 26 30 36 31 32 33 
7 26 25 20 27 29 31 34 33 
4 26 30 36 35 34 
6 26 25 20 27 29 31 34 
3 26 30 36 35 
7 26 25 20 27 29 31 34 35 
2 26 30 36 
6 26 25 20 27 29 31 36 
2 27 20 28 
2 27 29 28 
1 27 29 
3 27 20 28 29 
1 27 30 
4 27 20 25 26 30 
2 27 29 31 
3 27 30 36 31 
3 27 29 31 32 
4 27 20 28 14 32 
4 27 29 31 32 33 
5 27 30 36 31 34 33 
3 27 29 31 34 
4 27 30 36 35 34 
3 27 30 36 35 
4 27 29 31 34 35 
2 27 30 36 
3 27 29 31 36 
1 28 29 
3 28 20 27 29 
4 28 20 25 26 30 
3 28 29 27 30 
2 28 29 31 
3 28 14 32 31 
2 28 14 32 
3 28 29 31 32 
3 28 14 32 33 
4 28 29 31 34 33 
3 28 29 31 34 
4 28 14 32 33 34 
4 28 29 31 34 35 
5 28 14 32 31 36 35 
3 28 29 31 36 
4 28 20 27 30 36 
2 29 27 30 
3 29 31 36 30 
1 29 31 
4 29 28 14 32 31 
2 29 31 32 
3 29 28 14 32 
3 29 31 34 33 
4 29 28 14 32 33 
2 29 31 34 
5 29 28 14 32 33 34 
3 29 31 34 35 
4 29 27 30 36 35 
2 29 31 36 
3 29 27 30 36 
2 30 36 31 
3 30 27 29 31 
3 30 36 31 32 
5 30 27 20 28 14 32 
4 30 36 31 32 33 
5 30 27 29 31 34 33 
3 30 36 35 34 
4 30 27 29 31 34 
2 30 36 35 
5 30 27 29 31 34 35 
1 30 36 
4 30 27 29 31 36 
1 31 32 
3 31 34 33 32 
2 31 32 33 
2 31 34 33 
1 31 34 
3 31 32 33 34 
2 31 34 35 
2 31 36 35 
1 31 36 
3 31 34 35 36 
1 32 33 
3 32 31 34 33 
2 32 31 34 
2 32 33 34 
3 32 31 36 35 
3 32 33 34 35 
2 32 31 36 
4 32 33 34 35 36 
1 33 34 
3 33 32 31 34 
2 33 34 35 
4 33 32 31 36 35 
3 33 32 31 36 
3 33 34 35 36 
1 34 35 
3 34 31 36 35 
2 34 31 36 
2 34 35 36 
1 35 36 
3 35 34 31 36 
protection coefficient = 1.34748
