1 0 1 
2 0 16 1 
4 0 1 5 3 2 
3 0 16 1 2 
3 0 1 2 3 
4 0 16 1 5 3 
4 0 1 2 3 4 
4 0 16 1 5 4 
3 0 1 7 5 
3 0 16 1 5 
3 0 1 2 6 
4 0 16 1 7 6 
3 0 1 5 7 
3 0 16 1 7 
2 0 1 8 
2 0 16 8 
3 0 1 5 9 
3 0 16 15 9 
4 0 1 7 9 10 
4 0 16 1 5 10 
3 0 16 14 11 
4 0 1 5 10 11 
4 0 16 14 11 12 
5 0 1 5 14 13 12 
4 0 16 14 11 13 
4 0 1 5 14 13 
2 0 16 14 
3 0 1 5 14 
2 0 16 15 
3 0 1 8 15 
1 0 16 
2 0 1 16 
2 0 16 17 
3 0 1 18 17 
2 0 1 18 
3 0 16 17 18 
1 1 2 
3 1 5 3 2 
2 1 2 3 
2 1 5 3 
2 1 5 4 
3 1 2 3 4 
1 1 5 
2 1 7 5 
2 1 2 6 
2 1 7 6 
1 1 7 
2 1 5 7 
1 1 8 
2 1 7 8 
2 1 5 9 
2 1 7 9 
2 1 5 10 
3 1 7 9 10 
3 1 5 10 11 
3 1 16 14 11 
4 1 5 10 11 12 
4 1 16 14 13 12 
3 1 5 14 13 
4 1 16 14 11 13 
2 1 5 14 
2 1 16 14 
2 1 8 15 
2 1 16 15 
1 1 16 
2 1 0 16 
2 1 16 17 
2 1 18 17 
1 1 18 
3 1 16 17 18 
1 2 3 
2 2 6 3 
2 2 3 4 
3 2 1 5 4 
2 2 1 5 
2 2 3 5 
1 2 6 
2 2 3 6 
2 2 1 7 
2 2 6 7 
2 2 1 8 
3 2 6 7 8 
3 2 1 5 9 
3 2 6 7 9 
3 2 1 5 10 
4 2 3 5 9 10 
4 2 1 5 10 11 
4 2 3 5 14 11 
5 2 1 5 10 11 12 
5 2 3 5 14 13 12 
4 2 1 5 14 13 
5 2 3 5 10 11 13 
3 2 1 5 14 
4 2 3 5 9 14 
3 2 1 8 15 
4 2 3 5 9 15 
2 2 1 16 
4 2 6 7 8 16 
3 2 1 16 17 
5 2 3 5 1 18 17 
2 2 1 18 
6 2 6 7 8 16 17 18 
1 3 4 
2 3 5 4 
1 3 5 
2 3 4 5 
1 3 6 
2 3 2 6 
2 3 5 7 
2 3 6 7 
3 3 2 1 8 
3 3 5 7 8 
2 3 5 9 
3 3 6 7 9 
3 3 5 9 10 
3 3 4 5 10 
3 3 5 10 11 
4 3 4 5 14 11 
4 3 5 10 11 12 
5 3 4 5 14 13 12 
4 3 5 10 11 13 
4 3 4 5 14 13 
3 3 5 9 14 
3 3 4 5 14 
3 3 5 9 15 
4 3 4 5 14 15 
3 3 2 1 16 
3 3 5 14 16 
4 3 2 1 16 17 
4 3 5 1 18 17 
3 3 2 1 18 
5 3 5 1 16 17 18 
1 4 5 
2 4 3 5 
3 4 3 2 6 
3 4 5 3 6 
3 4 5 1 7 
3 4 3 5 7 
3 4 5 1 8 
4 4 3 5 7 8 
3 4 5 7 9 
3 4 3 5 9 
3 4 5 9 10 
3 4 3 5 10 
3 4 5 10 11 
4 4 3 5 14 11 
4 4 5 10 11 12 
5 4 3 5 14 13 12 
4 4 5 10 11 13 
4 4 3 5 14 13 
3 4 5 9 14 
3 4 3 5 14 
3 4 5 9 15 
4 4 3 5 14 15 
3 4 5 1 16 
4 4 3 5 14 16 
4 4 5 1 16 17 
5 4 3 2 1 18 17 
5 4 5 14 16 17 18 
4 4 3 5 1 18 
2 5 3 6 
2 5 7 6 
1 5 7 
2 5 1 7 
2 5 1 8 
2 5 7 8 
1 5 9 
2 5 7 9 
1 5 10 
2 5 9 10 
2 5 10 11 
2 5 14 11 
3 5 10 11 12 
3 5 14 13 12 
2 5 14 13 
3 5 10 11 13 
1 5 14 
2 5 9 14 
2 5 9 15 
2 5 14 15 
2 5 1 16 
2 5 14 16 
3 5 1 16 17 
4 5 7 1 18 17 
2 5 1 18 
4 5 14 16 17 18 
1 6 7 
3 6 2 1 7 
2 6 7 8 
3 6 2 1 8 
2 6 7 9 
3 6 3 5 9 
3 6 3 5 10 
3 6 7 9 10 
4 6 3 5 10 11 
4 6 7 5 14 11 
5 6 3 5 10 11 12 
5 6 7 5 14 13 12 
4 6 3 5 14 13 
5 6 7 5 10 11 13 
3 6 3 5 14 
3 6 7 9 14 
3 6 7 8 15 
4 6 3 5 9 15 
3 6 2 1 16 
4 6 7 1 0 16 
4 6 2 1 16 17 
4 6 7 1 18 17 
3 6 2 1 18 
5 6 7 1 16 17 18 
1 7 8 
2 7 1 8 
1 7 9 
2 7 5 9 
2 7 5 10 
2 7 9 10 
3 7 5 10 11 
3 7 9 14 11 
4 7 5 10 11 12 
4 7 9 14 13 12 
3 7 5 14 13 
4 7 9 14 11 13 
2 7 5 14 
2 7 9 14 
2 7 8 15 
2 7 9 15 
2 7 1 16 
2 7 8 16 
3 7 1 16 17 
4 7 5 1 18 17 
2 7 1 18 
4 7 8 16 17 18 
2 8 7 9 
2 8 15 9 
3 8 1 5 10 
3 8 7 9 10 
3 8 15 14 11 
4 8 16 14 13 11 
4 8 15 14 11 12 
4 8 16 14 13 12 
3 8 15 14 13 
4 8 16 14 11 13 
2 8 15 14 
2 8 16 14 
1 8 15 
2 8 16 15 
1 8 16 
2 8 1 16 
2 8 16 17 
3 8 1 18 17 
2 8 1 18 
3 8 16 17 18 
1 9 10 
2 9 5 10 
2 9 10 11 
2 9 14 11 
3 9 10 11 12 
3 9 14 13 12 
2 9 14 13 
3 9 10 11 13 
1 9 14 
2 9 5 14 
1 9 15 
2 9 14 15 
2 9 14 16 
2 9 15 16 
3 9 14 16 17 
4 9 5 1 18 17 
3 9 5 1 18 
4 9 14 16 17 18 
1 10 11 
3 10 5 14 11 
2 10 11 12 
4 10 5 14 13 12 
2 10 11 13 
3 10 5 14 13 
2 10 5 14 
2 10 9 14 
2 10 9 15 
3 10 5 14 15 
3 10 5 1 16 
3 10 9 15 16 
4 10 5 1 18 17 
4 10 9 15 16 17 
3 10 5 1 18 
5 10 9 14 16 17 18 
1 11 12 
2 11 13 12 
1 11 13 
2 11 12 13 
1 11 14 
2 11 13 14 
2 11 14 15 
3 11 10 9 15 
3 11 14 15 16 
3 11 13 14 16 
3 11 14 16 17 
5 11 10 5 1 18 17 
4 11 10 5 1 18 
4 11 14 16 17 18 
1 12 13 
2 12 11 13 
2 12 11 14 
2 12 13 14 
3 12 11 14 15 
4 12 13 14 9 15 
3 12 11 14 16 
4 12 13 14 15 16 
4 12 11 14 16 17 
6 12 13 14 5 1 18 17 
5 12 11 10 5 1 18 
5 12 13 14 16 17 18 
1 13 14 
2 13 11 14 
3 13 14 9 15 
3 13 11 14 15 
3 13 14 15 16 
3 13 11 14 16 
5 13 14 5 1 18 17 
4 13 11 14 16 17 
4 13 14 5 1 18 
5 13 11 14 16 17 18 
1 14 15 
2 14 9 15 
1 14 16 
2 14 15 16 
2 14 16 17 
4 14 5 1 18 17 
3 14 5 1 18 
3 14 16 17 18 
1 15 16 
2 15 8 16 
2 15 16 17 
4 15 8 1 18 17 
3 15 8 1 18 
3 15 16 17 18 
1 16 17 
3 16 1 18 17 
2 16 1 18 
2 16 17 18 
1 17 18 
3 17 16 1 18 
protection coefficient = 1.28082
