4 0 6 15 22 1 
5 0 5 6 15 22 1 
3 0 6 15 2 
4 0 5 6 15 2 
4 0 6 15 22 3 
5 0 5 6 15 22 3 
2 0 6 4 
3 0 5 6 4 
1 0 5 
2 0 6 5 
1 0 6 
2 0 5 6 
2 0 6 7 
3 0 5 6 7 
2 0 6 8 
3 0 5 6 8 
4 0 6 15 19 9 
5 0 5 6 15 19 9 
4 0 6 15 13 10 
5 0 5 6 15 13 10 
3 0 6 20 11 
4 0 5 6 20 11 
3 0 6 15 12 
4 0 5 6 15 12 
3 0 6 15 13 
4 0 5 6 15 13 
3 0 6 20 14 
4 0 5 6 20 14 
2 0 6 15 
3 0 5 6 15 
2 0 6 16 
3 0 5 6 16 
3 0 6 8 17 
4 0 5 6 8 17 
4 0 6 15 19 18 
5 0 5 6 15 19 18 
3 0 6 15 19 
4 0 5 6 15 19 
2 0 6 20 
3 0 5 6 20 
3 0 6 15 21 
4 0 5 6 15 21 
3 0 6 15 22 
4 0 5 6 15 22 
5 0 6 15 13 26 23 
6 0 5 6 15 13 26 23 
5 0 6 15 13 26 24 
6 0 5 6 15 13 26 24 
5 0 6 15 13 26 25 
6 0 5 6 15 13 26 25 
4 0 6 15 13 26 
5 0 5 6 15 13 26 
5 0 6 15 13 26 27 
6 0 5 6 15 13 26 27 
4 0 6 15 13 28 
5 0 5 6 15 13 28 
4 0 6 15 13 29 
5 0 5 6 15 13 29 
2 1 22 2 
3 1 3 22 2 
1 1 3 
2 1 22 3 
4 1 22 15 6 4 
5 1 3 22 15 6 4 
4 1 22 15 6 5 
5 1 3 22 15 6 5 
3 1 22 15 6 
4 1 3 22 15 6 
4 1 22 15 6 7 
5 1 3 22 15 6 7 
4 1 22 15 6 8 
5 1 3 22 15 6 8 
4 1 22 15 19 9 
5 1 3 22 15 19 9 
4 1 22 15 13 10 
5 1 3 22 15 13 10 
4 1 22 15 13 11 
5 1 3 22 15 13 11 
3 1 22 15 12 
4 1 3 22 15 12 
3 1 22 15 13 
4 1 3 22 15 13 
4 1 22 15 13 14 
5 1 3 22 15 13 14 
2 1 22 15 
3 1 3 22 15 
3 1 22 15 16 
4 1 3 22 15 16 
5 1 22 15 6 8 17 
6 1 3 22 15 6 8 17 
4 1 22 15 19 18 
5 1 3 22 15 19 18 
3 1 22 15 19 
4 1 3 22 15 19 
4 1 22 15 6 20 
5 1 3 22 15 6 20 
3 1 22 15 21 
4 1 3 22 15 21 
1 1 22 
2 1 3 22 
3 1 22 26 23 
4 1 3 22 26 23 
3 1 22 26 24 
4 1 3 22 26 24 
3 1 22 26 25 
4 1 3 22 26 25 
2 1 22 26 
3 1 3 22 26 
3 1 22 26 27 
4 1 3 22 26 27 
4 1 22 15 13 28 
5 1 3 22 15 13 28 
4 1 22 15 13 29 
5 1 3 22 15 13 29 
2 2 22 3 
3 2 15 22 3 
3 2 15 6 4 
4 2 22 15 6 4 
3 2 15 6 5 
4 2 22 15 6 5 
2 2 15 6 
3 2 22 15 6 
3 2 15 6 7 
4 2 22 15 6 7 
3 2 15 6 8 
4 2 22 15 6 8 
3 2 15 19 9 
4 2 22 15 19 9 
3 2 15 13 10 
4 2 22 15 13 10 
3 2 15 13 11 
4 2 22 15 13 11 
2 2 15 12 
3 2 22 15 12 
2 2 15 13 
3 2 22 15 13 
3 2 15 13 14 
4 2 22 15 13 14 
1 2 15 
2 2 22 15 
2 2 15 16 
3 2 22 15 16 
4 2 15 6 8 17 
5 2 22 15 6 8 17 
3 2 15 19 18 
4 2 22 15 19 18 
2 2 15 19 
3 2 22 15 19 
3 2 15 6 20 
4 2 22 15 6 20 
2 2 15 21 
3 2 22 15 21 
1 2 22 
2 2 15 22 
3 2 22 26 23 
4 2 15 13 26 23 
3 2 22 26 24 
4 2 15 13 26 24 
3 2 22 26 25 
4 2 15 13 26 25 
2 2 22 26 
3 2 15 13 26 
3 2 22 26 27 
4 2 15 13 26 27 
3 2 15 13 28 
4 2 22 15 13 28 
3 2 15 13 29 
4 2 22 15 13 29 
4 3 22 15 6 4 
5 3 1 22 15 6 4 
4 3 22 15 6 5 
5 3 1 22 15 6 5 
3 3 22 15 6 
4 3 1 22 15 6 
4 3 22 15 6 7 
5 3 1 22 15 6 7 
4 3 22 15 6 8 
5 3 1 22 15 6 8 
4 3 22 15 19 9 
5 3 1 22 15 19 9 
4 3 22 15 13 10 
5 3 1 22 15 13 10 
4 3 22 15 13 11 
5 3 1 22 15 13 11 
3 3 22 15 12 
4 3 1 22 15 12 
3 3 22 15 13 
4 3 1 22 15 13 
4 3 22 15 13 14 
5 3 1 22 15 13 14 
2 3 22 15 
3 3 1 22 15 
3 3 22 15 16 
4 3 1 22 15 16 
5 3 22 15 6 8 17 
6 3 1 22 15 6 8 17 
4 3 22 15 19 18 
5 3 1 22 15 19 18 
3 3 22 15 19 
4 3 1 22 15 19 
4 3 22 15 6 20 
5 3 1 22 15 6 20 
3 3 22 15 21 
4 3 1 22 15 21 
1 3 22 
2 3 1 22 
3 3 22 26 23 
4 3 1 22 26 23 
3 3 22 26 24 
4 3 1 22 26 24 
3 3 22 26 25 
4 3 1 22 26 25 
2 3 22 26 
3 3 1 22 26 
3 3 22 26 27 
4 3 1 22 26 27 
4 3 22 15 13 28 
5 3 1 22 15 13 28 
4 3 22 15 13 29 
5 3 1 22 15 13 29 
2 4 6 5 
3 4 7 6 5 
1 4 6 
2 4 7 6 
1 4 7 
2 4 6 7 
2 4 6 8 
3 4 7 6 8 
4 4 6 15 19 9 
5 4 7 6 15 19 9 
4 4 6 15 13 10 
5 4 7 6 15 13 10 
3 4 6 20 11 
4 4 7 6 20 11 
3 4 6 15 12 
4 4 7 6 15 12 
3 4 6 15 13 
4 4 7 6 15 13 
3 4 6 20 14 
4 4 7 6 20 14 
2 4 6 15 
3 4 7 6 15 
2 4 6 16 
3 4 7 6 16 
3 4 6 8 17 
4 4 7 6 8 17 
4 4 6 15 19 18 
5 4 7 6 15 19 18 
3 4 6 15 19 
4 4 7 6 15 19 
2 4 6 20 
3 4 7 6 20 
3 4 6 15 21 
4 4 7 6 15 21 
3 4 6 15 22 
4 4 7 6 15 22 
5 4 6 15 13 26 23 
6 4 7 6 15 13 26 23 
5 4 6 15 13 26 24 
6 4 7 6 15 13 26 24 
5 4 6 15 13 26 25 
6 4 7 6 15 13 26 25 
4 4 6 15 13 26 
5 4 7 6 15 13 26 
5 4 6 15 13 26 27 
6 4 7 6 15 13 26 27 
4 4 6 15 13 28 
5 4 7 6 15 13 28 
4 4 6 15 13 29 
5 4 7 6 15 13 29 
1 5 6 
2 5 0 6 
2 5 6 7 
3 5 0 6 7 
2 5 6 8 
3 5 0 6 8 
4 5 6 15 19 9 
5 5 0 6 15 19 9 
4 5 6 15 13 10 
5 5 0 6 15 13 10 
3 5 6 20 11 
4 5 0 6 20 11 
3 5 6 15 12 
4 5 0 6 15 12 
3 5 6 15 13 
4 5 0 6 15 13 
3 5 6 20 14 
4 5 0 6 20 14 
2 5 6 15 
3 5 0 6 15 
2 5 6 16 
3 5 0 6 16 
3 5 6 8 17 
4 5 0 6 8 17 
4 5 6 15 19 18 
5 5 0 6 15 19 18 
3 5 6 15 19 
4 5 0 6 15 19 
2 5 6 20 
3 5 0 6 20 
3 5 6 15 21 
4 5 0 6 15 21 
3 5 6 15 22 
4 5 0 6 15 22 
5 5 6 15 13 26 23 
6 5 0 6 15 13 26 23 
5 5 6 15 13 26 24 
6 5 0 6 15 13 26 24 
5 5 6 15 13 26 25 
6 5 0 6 15 13 26 25 
4 5 6 15 13 26 
5 5 0 6 15 13 26 
5 5 6 15 13 26 27 
6 5 0 6 15 13 26 27 
4 5 6 15 13 28 
5 5 0 6 15 13 28 
4 5 6 15 13 29 
5 5 0 6 15 13 29 
1 6 7 
2 6 4 7 
1 6 8 
3 6 20 17 8 
3 6 15 19 9 
3 6 20 19 9 
3 6 15 13 10 
4 6 20 19 9 10 
2 6 20 11 
3 6 15 13 11 
2 6 15 12 
3 6 16 15 12 
2 6 15 13 
3 6 20 11 13 
2 6 20 14 
3 6 15 13 14 
1 6 15 
2 6 16 15 
1 6 16 
2 6 15 16 
2 6 8 17 
2 6 20 17 
3 6 15 19 18 
3 6 20 19 18 
2 6 15 19 
2 6 20 19 
1 6 20 
3 6 8 17 20 
2 6 15 21 
3 6 16 15 21 
2 6 15 22 
3 6 16 15 22 
4 6 15 13 26 23 
5 6 20 11 13 26 23 
4 6 15 13 26 24 
5 6 20 11 13 26 24 
4 6 15 13 26 25 
5 6 20 11 13 26 25 
3 6 15 13 26 
4 6 20 11 13 26 
4 6 15 13 26 27 
5 6 20 11 13 26 27 
3 6 15 13 28 
4 6 20 11 13 28 
3 6 15 13 29 
4 6 20 11 13 29 
2 7 6 8 
3 7 4 6 8 
4 7 6 15 19 9 
5 7 4 6 15 19 9 
4 7 6 15 13 10 
5 7 4 6 15 13 10 
3 7 6 20 11 
4 7 4 6 20 11 
3 7 6 15 12 
4 7 4 6 15 12 
3 7 6 15 13 
4 7 4 6 15 13 
3 7 6 20 14 
4 7 4 6 20 14 
2 7 6 15 
3 7 4 6 15 
2 7 6 16 
3 7 4 6 16 
3 7 6 8 17 
4 7 4 6 8 17 
4 7 6 15 19 18 
5 7 4 6 15 19 18 
3 7 6 15 19 
4 7 4 6 15 19 
2 7 6 20 
3 7 4 6 20 
3 7 6 15 21 
4 7 4 6 15 21 
3 7 6 15 22 
4 7 4 6 15 22 
5 7 6 15 13 26 23 
6 7 4 6 15 13 26 23 
5 7 6 15 13 26 24 
6 7 4 6 15 13 26 24 
5 7 6 15 13 26 25 
6 7 4 6 15 13 26 25 
4 7 6 15 13 26 
5 7 4 6 15 13 26 
5 7 6 15 13 26 27 
6 7 4 6 15 13 26 27 
4 7 6 15 13 28 
5 7 4 6 15 13 28 
4 7 6 15 13 29 
5 7 4 6 15 13 29 
4 8 6 15 19 9 
4 8 17 20 19 9 
4 8 6 15 13 10 
5 8 17 20 19 9 10 
3 8 6 20 11 
3 8 17 20 11 
3 8 6 15 12 
4 8 17 20 19 12 
3 8 6 15 13 
4 8 17 20 11 13 
3 8 6 20 14 
3 8 17 20 14 
2 8 6 15 
4 8 17 20 6 15 
2 8 6 16 
4 8 17 20 6 16 
1 8 17 
3 8 6 20 17 
4 8 6 15 19 18 
4 8 17 20 19 18 
3 8 6 15 19 
3 8 17 20 19 
2 8 6 20 
2 8 17 20 
3 8 6 15 21 
5 8 17 20 11 13 21 
3 8 6 15 22 
5 8 17 20 6 15 22 
5 8 6 15 13 26 23 
6 8 17 20 11 13 26 23 
5 8 6 15 13 26 24 
6 8 17 20 11 13 26 24 
5 8 6 15 13 26 25 
6 8 17 20 11 13 26 25 
4 8 6 15 13 26 
5 8 17 20 11 13 26 
5 8 6 15 13 26 27 
6 8 17 20 11 13 26 27 
4 8 6 15 13 28 
5 8 17 20 11 13 28 
4 8 6 15 13 29 
5 8 17 20 11 13 29 
1 9 10 
3 9 19 13 10 
3 9 10 13 11 
3 9 19 13 11 
2 9 19 12 
3 9 18 19 12 
2 9 10 13 
2 9 19 13 
3 9 10 13 14 
3 9 19 13 14 
2 9 19 15 
3 9 10 13 15 
3 9 19 15 16 
4 9 10 13 15 16 
3 9 19 20 17 
4 9 18 19 20 17 
1 9 18 
2 9 19 18 
1 9 19 
2 9 18 19 
2 9 19 20 
3 9 18 19 20 
3 9 10 13 21 
3 9 19 13 21 
3 9 19 15 22 
4 9 10 13 15 22 
4 9 10 13 26 23 
4 9 19 13 26 23 
4 9 10 13 26 24 
4 9 19 13 26 24 
4 9 10 13 26 25 
4 9 19 13 26 25 
3 9 10 13 26 
3 9 19 13 26 
4 9 10 13 26 27 
4 9 19 13 26 27 
3 9 10 13 28 
3 9 19 13 28 
3 9 10 13 29 
3 9 19 13 29 
2 10 13 11 
4 10 9 19 13 11 
3 10 13 15 12 
3 10 9 19 12 
1 10 13 
3 10 9 19 13 
2 10 13 14 
4 10 9 19 13 14 
2 10 13 15 
3 10 9 19 15 
3 10 13 15 16 
4 10 9 19 15 16 
4 10 13 11 20 17 
4 10 9 19 20 17 
2 10 9 18 
3 10 13 19 18 
2 10 9 19 
2 10 13 19 
3 10 13 11 20 
3 10 9 19 20 
2 10 13 21 
4 10 9 19 13 21 
3 10 13 15 22 
4 10 9 19 15 22 
3 10 13 26 23 
5 10 9 19 13 26 23 
3 10 13 26 24 
5 10 9 19 13 26 24 
3 10 13 26 25 
5 10 9 19 13 26 25 
2 10 13 26 
4 10 9 19 13 26 
3 10 13 26 27 
5 10 9 19 13 26 27 
2 10 13 28 
4 10 9 19 13 28 
2 10 13 29 
4 10 9 19 13 29 
3 11 13 15 12 
3 11 20 19 12 
1 11 13 
3 11 20 14 13 
2 11 13 14 
2 11 20 14 
2 11 13 15 
3 11 20 6 15 
3 11 20 6 16 
3 11 13 15 16 
2 11 20 17 
4 11 13 14 20 17 
3 11 13 19 18 
3 11 20 19 18 
2 11 13 19 
2 11 20 19 
1 11 20 
3 11 13 14 20 
2 11 13 21 
4 11 20 14 13 21 
3 11 13 15 22 
4 11 20 6 15 22 
3 11 13 26 23 
5 11 20 14 13 26 23 
3 11 13 26 24 
5 11 20 14 13 26 24 
3 11 13 26 25 
5 11 20 14 13 26 25 
2 11 13 26 
4 11 20 14 13 26 
3 11 13 26 27 
5 11 20 14 13 26 27 
2 11 13 28 
4 11 20 14 13 28 
2 11 13 29 
4 11 20 14 13 29 
2 12 15 13 
2 12 19 13 
3 12 15 13 14 
3 12 19 13 14 
1 12 15 
2 12 19 15 
2 12 15 16 
3 12 19 15 16 
3 12 19 20 17 
4 12 15 6 8 17 
2 12 19 18 
3 12 15 19 18 
1 12 19 
2 12 15 19 
2 12 19 20 
3 12 15 6 20 
2 12 15 21 
3 12 19 13 21 
2 12 15 22 
3 12 19 15 22 
4 12 15 13 26 23 
4 12 19 13 26 23 
4 12 15 13 26 24 
4 12 19 13 26 24 
4 12 15 13 26 25 
4 12 19 13 26 25 
3 12 15 13 26 
3 12 19 13 26 
4 12 15 13 26 27 
4 12 19 13 26 27 
3 12 15 13 28 
3 12 19 13 28 
3 12 15 13 29 
3 12 19 13 29 
1 13 14 
3 13 11 20 14 
1 13 15 
2 13 19 15 
2 13 15 16 
3 13 19 15 16 
3 13 11 20 17 
3 13 14 20 17 
2 13 19 18 
3 13 10 9 18 
1 13 19 
2 13 15 19 
2 13 11 20 
2 13 14 20 
1 13 21 
2 13 15 21 
2 13 15 22 
2 13 26 22 
2 13 26 23 
4 13 15 22 26 23 
2 13 26 24 
4 13 15 22 26 24 
2 13 26 25 
4 13 15 22 26 25 
1 13 26 
3 13 15 22 26 
2 13 26 27 
4 13 15 22 26 27 
1 13 28 
2 13 29 28 
1 13 29 
2 13 28 29 
2 14 13 15 
3 14 20 6 15 
3 14 20 6 16 
3 14 13 15 16 
2 14 20 17 
4 14 13 11 20 17 
3 14 13 19 18 
3 14 20 19 18 
2 14 13 19 
2 14 20 19 
1 14 20 
3 14 13 11 20 
2 14 13 21 
4 14 20 11 13 21 
3 14 13 15 22 
4 14 20 6 15 22 
3 14 13 26 23 
5 14 20 11 13 26 23 
3 14 13 26 24 
5 14 20 11 13 26 24 
3 14 13 26 25 
5 14 20 11 13 26 25 
2 14 13 26 
4 14 20 11 13 26 
3 14 13 26 27 
5 14 20 11 13 26 27 
2 14 13 28 
4 14 20 11 13 28 
2 14 13 29 
4 14 20 11 13 29 
1 15 16 
2 15 6 16 
3 15 6 8 17 
3 15 19 20 17 
2 15 19 18 
3 15 12 19 18 
1 15 19 
2 15 12 19 
2 15 6 20 
2 15 19 20 
1 15 21 
2 15 13 21 
1 15 22 
2 15 2 22 
3 15 13 26 23 
3 15 22 26 23 
3 15 13 26 24 
3 15 22 26 24 
3 15 13 26 25 
3 15 22 26 25 
2 15 13 26 
2 15 22 26 
3 15 13 26 27 
3 15 22 26 27 
2 15 13 28 
3 15 19 13 28 
2 15 13 29 
3 15 19 13 29 
3 16 6 8 17 
4 16 15 6 8 17 
3 16 15 19 18 
4 16 6 15 19 18 
2 16 15 19 
3 16 6 15 19 
2 16 6 20 
3 16 15 6 20 
2 16 15 21 
3 16 6 15 21 
2 16 15 22 
3 16 6 15 22 
4 16 15 13 26 23 
5 16 6 15 13 26 23 
4 16 15 13 26 24 
5 16 6 15 13 26 24 
4 16 15 13 26 25 
5 16 6 15 13 26 25 
3 16 15 13 26 
4 16 6 15 13 26 
4 16 15 13 26 27 
5 16 6 15 13 26 27 
3 16 15 13 28 
4 16 6 15 13 28 
3 16 15 13 29 
4 16 6 15 13 29 
3 17 20 19 18 
5 17 8 6 15 19 18 
2 17 20 19 
4 17 8 6 15 19 
1 17 20 
3 17 8 6 20 
4 17 20 11 13 21 
4 17 8 6 15 21 
4 17 8 6 15 22 
4 17 20 6 15 22 
5 17 20 11 13 26 23 
6 17 8 6 15 13 26 23 
5 17 20 11 13 26 24 
6 17 8 6 15 13 26 24 
5 17 20 11 13 26 25 
6 17 8 6 15 13 26 25 
4 17 20 11 13 26 
5 17 8 6 15 13 26 
5 17 20 11 13 26 27 
6 17 8 6 15 13 26 27 
4 17 20 11 13 28 
5 17 8 6 15 13 28 
4 17 20 11 13 29 
5 17 8 6 15 13 29 
1 18 19 
2 18 9 19 
2 18 19 20 
3 18 9 19 20 
3 18 19 13 21 
4 18 9 10 13 21 
3 18 19 15 22 
4 18 9 19 15 22 
4 18 19 13 26 23 
5 18 9 10 13 26 23 
4 18 19 13 26 24 
5 18 9 10 13 26 24 
4 18 19 13 26 25 
5 18 9 10 13 26 25 
3 18 19 13 26 
4 18 9 10 13 26 
4 18 19 13 26 27 
5 18 9 10 13 26 27 
3 18 19 13 28 
4 18 9 10 13 28 
3 18 19 13 29 
4 18 9 10 13 29 
1 19 20 
3 19 15 6 20 
2 19 13 21 
2 19 15 21 
2 19 15 22 
3 19 12 15 22 
3 19 13 26 23 
4 19 15 13 26 23 
3 19 13 26 24 
4 19 15 13 26 24 
3 19 13 26 25 
4 19 15 13 26 25 
2 19 13 26 
3 19 15 13 26 
3 19 13 26 27 
4 19 15 13 26 27 
2 19 13 28 
3 19 15 13 28 
2 19 13 29 
3 19 15 13 29 
3 20 11 13 21 
3 20 14 13 21 
3 20 6 15 22 
3 20 19 15 22 
4 20 11 13 26 23 
4 20 14 13 26 23 
4 20 11 13 26 24 
4 20 14 13 26 24 
4 20 11 13 26 25 
4 20 14 13 26 25 
3 20 11 13 26 
3 20 14 13 26 
4 20 11 13 26 27 
4 20 14 13 26 27 
3 20 11 13 28 
3 20 14 13 28 
3 20 11 13 29 
3 20 14 13 29 
2 21 15 22 
3 21 13 15 22 
3 21 13 26 23 
4 21 15 13 26 23 
3 21 13 26 24 
4 21 15 13 26 24 
3 21 13 26 25 
4 21 15 13 26 25 
2 21 13 26 
3 21 15 13 26 
3 21 13 26 27 
4 21 15 13 26 27 
2 21 13 28 
3 21 15 13 28 
2 21 13 29 
3 21 15 13 29 
2 22 26 23 
4 22 15 13 26 23 
2 22 26 24 
4 22 15 13 26 24 
2 22 26 25 
4 22 15 13 26 25 
1 22 26 
3 22 15 13 26 
2 22 26 27 
4 22 15 13 26 27 
3 22 15 13 28 
3 22 26 13 28 
3 22 15 13 29 
3 22 26 13 29 
2 23 26 24 
3 23 27 26 24 
2 23 26 25 
3 23 27 26 25 
1 23 26 
2 23 27 26 
1 23 27 
2 23 26 27 
3 23 26 13 28 
4 23 27 26 13 28 
3 23 26 13 29 
4 23 27 26 13 29 
1 24 25 
2 24 26 25 
1 24 26 
2 24 25 26 
2 24 26 27 
3 24 25 26 27 
3 24 26 13 28 
4 24 25 26 13 28 
3 24 26 13 29 
4 24 25 26 13 29 
1 25 26 
2 25 24 26 
2 25 26 27 
3 25 24 26 27 
3 25 26 13 28 
4 25 24 26 13 28 
3 25 26 13 29 
4 25 24 26 13 29 
1 26 27 
2 26 23 27 
2 26 13 28 
4 26 22 15 13 28 
2 26 13 29 
4 26 22 15 13 29 
3 27 26 13 28 
4 27 23 26 13 28 
3 27 26 13 29 
4 27 23 26 13 29 
1 28 29 
2 28 13 29 
protection coefficient = 1.34522
