1 0 1 
2 0 7 1 
2 0 7 2 
3 0 1 7 2 
3 0 7 2 3 
4 0 1 7 2 3 
2 0 7 4 
3 0 1 7 4 
4 0 7 2 3 5 
5 0 1 7 2 3 5 
3 0 7 8 6 
4 0 1 7 8 6 
1 0 7 
2 0 1 7 
2 0 7 8 
3 0 1 7 8 
4 0 7 8 6 9 
5 0 1 7 8 6 9 
3 0 7 8 10 
4 0 1 7 8 10 
4 0 7 8 10 11 
5 0 1 7 8 10 11 
5 0 7 8 6 9 12 
6 0 1 7 8 6 9 12 
4 0 7 8 10 13 
5 0 1 7 8 10 13 
5 0 7 8 10 13 14 
6 0 1 7 8 10 13 14 
5 0 7 8 10 18 15 
6 0 1 7 8 10 18 15 
6 0 7 8 6 9 12 16 
7 0 1 7 8 6 9 12 16 
6 0 7 8 10 18 15 17 
7 0 1 7 8 10 18 15 17 
4 0 7 8 10 18 
5 0 1 7 8 10 18 
5 0 7 8 10 18 19 
6 0 1 7 8 10 18 19 
3 0 7 24 20 
4 0 1 7 24 20 
4 0 7 8 10 21 
5 0 1 7 8 10 21 
3 0 7 8 22 
4 0 1 7 8 22 
3 0 7 8 23 
4 0 1 7 8 23 
2 0 7 24 
3 0 1 7 24 
3 0 7 24 25 
4 0 1 7 24 25 
4 0 7 8 22 26 
5 0 1 7 8 22 26 
4 0 7 24 25 27 
5 0 1 7 24 25 27 
4 0 7 8 22 28 
5 0 1 7 8 22 28 
5 0 7 24 25 27 29 
6 0 1 7 24 25 27 29 
2 1 7 2 
3 1 0 7 2 
3 1 7 2 3 
4 1 0 7 2 3 
2 1 7 4 
3 1 0 7 4 
4 1 7 2 3 5 
5 1 0 7 2 3 5 
3 1 7 8 6 
4 1 0 7 8 6 
1 1 7 
2 1 0 7 
2 1 7 8 
3 1 0 7 8 
4 1 7 8 6 9 
5 1 0 7 8 6 9 
3 1 7 8 10 
4 1 0 7 8 10 
4 1 7 8 10 11 
5 1 0 7 8 10 11 
5 1 7 8 6 9 12 
6 1 0 7 8 6 9 12 
4 1 7 8 10 13 
5 1 0 7 8 10 13 
5 1 7 8 10 13 14 
6 1 0 7 8 10 13 14 
5 1 7 8 10 18 15 
6 1 0 7 8 10 18 15 
6 1 7 8 6 9 12 16 
7 1 0 7 8 6 9 12 16 
6 1 7 8 10 18 15 17 
7 1 0 7 8 10 18 15 17 
4 1 7 8 10 18 
5 1 0 7 8 10 18 
5 1 7 8 10 18 19 
6 1 0 7 8 10 18 19 
3 1 7 24 20 
4 1 0 7 24 20 
4 1 7 8 10 21 
5 1 0 7 8 10 21 
3 1 7 8 22 
4 1 0 7 8 22 
3 1 7 8 23 
4 1 0 7 8 23 
2 1 7 24 
3 1 0 7 24 
3 1 7 24 25 
4 1 0 7 24 25 
4 1 7 8 22 26 
5 1 0 7 8 22 26 
4 1 7 24 25 27 
5 1 0 7 24 25 27 
4 1 7 8 22 28 
5 1 0 7 8 22 28 
5 1 7 24 25 27 29 
6 1 0 7 24 25 27 29 
1 2 3 
5 2 7 8 6 5 3 
2 2 7 4 
5 2 3 5 6 8 4 
2 2 3 5 
4 2 7 8 6 5 
3 2 3 5 6 
3 2 7 8 6 
1 2 7 
5 2 3 5 6 8 7 
2 2 7 8 
4 2 3 5 6 8 
4 2 3 5 6 9 
4 2 7 8 6 9 
3 2 7 8 10 
5 2 3 5 6 8 10 
4 2 7 8 10 11 
5 2 3 5 6 9 11 
5 2 3 5 6 9 12 
5 2 7 8 6 9 12 
4 2 7 8 10 13 
6 2 3 5 6 8 10 13 
5 2 7 8 10 13 14 
6 2 3 5 6 9 12 14 
5 2 7 8 10 18 15 
6 2 3 5 6 9 12 15 
6 2 3 5 6 9 12 16 
6 2 7 8 6 9 12 16 
6 2 7 8 10 18 15 17 
7 2 3 5 6 9 12 15 17 
4 2 7 8 10 18 
6 2 3 5 6 8 10 18 
5 2 7 8 10 18 19 
7 2 3 5 6 8 10 18 19 
3 2 7 24 20 
6 2 3 5 6 8 24 20 
4 2 7 8 10 21 
6 2 3 5 6 8 10 21 
3 2 7 8 22 
5 2 3 5 6 8 22 
3 2 7 8 23 
5 2 3 5 6 8 23 
2 2 7 24 
5 2 3 5 6 8 24 
3 2 7 24 25 
6 2 3 5 6 8 24 25 
4 2 7 8 22 26 
6 2 3 5 6 8 22 26 
4 2 7 24 25 27 
7 2 3 5 6 8 24 25 27 
4 2 7 8 22 28 
6 2 3 5 6 8 22 28 
5 2 7 24 25 27 29 
7 2 3 5 6 8 22 28 29 
3 3 2 7 4 
4 3 5 6 8 4 
1 3 5 
5 3 2 7 8 6 5 
2 3 5 6 
4 3 2 7 8 6 
2 3 2 7 
4 3 5 6 8 7 
3 3 5 6 8 
3 3 2 7 8 
3 3 5 6 9 
5 3 2 7 8 6 9 
4 3 5 6 8 10 
4 3 2 7 8 10 
4 3 5 6 9 11 
5 3 2 7 8 10 11 
4 3 5 6 9 12 
6 3 2 7 8 6 9 12 
5 3 5 6 8 10 13 
5 3 2 7 8 10 13 
5 3 5 6 9 12 14 
6 3 2 7 8 10 13 14 
5 3 5 6 9 12 15 
6 3 2 7 8 10 18 15 
5 3 5 6 9 12 16 
7 3 2 7 8 6 9 12 16 
6 3 5 6 9 12 15 17 
7 3 2 7 8 10 18 15 17 
5 3 5 6 8 10 18 
5 3 2 7 8 10 18 
6 3 5 6 8 10 18 19 
6 3 2 7 8 10 18 19 
4 3 2 7 24 20 
5 3 5 6 8 24 20 
5 3 5 6 8 10 21 
5 3 2 7 8 10 21 
4 3 5 6 8 22 
4 3 2 7 8 22 
4 3 5 6 8 23 
4 3 2 7 8 23 
3 3 2 7 24 
4 3 5 6 8 24 
4 3 2 7 24 25 
5 3 5 6 8 24 25 
5 3 5 6 8 22 26 
5 3 2 7 8 22 26 
5 3 2 7 24 25 27 
6 3 5 6 8 24 25 27 
5 3 5 6 8 22 28 
5 3 2 7 8 22 28 
6 3 2 7 24 25 27 29 
6 3 5 6 8 22 28 29 
3 4 8 6 5 
4 4 7 2 3 5 
2 4 8 6 
3 4 7 8 6 
1 4 7 
2 4 8 7 
1 4 8 
2 4 7 8 
3 4 8 6 9 
4 4 7 8 6 9 
2 4 8 10 
3 4 7 8 10 
3 4 8 10 11 
4 4 7 8 10 11 
4 4 8 6 9 12 
5 4 7 8 6 9 12 
3 4 8 10 13 
4 4 7 8 10 13 
4 4 8 10 13 14 
5 4 7 8 10 13 14 
4 4 8 10 18 15 
5 4 7 8 10 18 15 
5 4 8 6 9 12 16 
6 4 7 8 6 9 12 16 
5 4 8 10 18 15 17 
6 4 7 8 10 18 15 17 
3 4 8 10 18 
4 4 7 8 10 18 
4 4 8 10 18 19 
5 4 7 8 10 18 19 
3 4 7 24 20 
3 4 8 24 20 
3 4 8 10 21 
4 4 7 8 10 21 
2 4 8 22 
3 4 7 8 22 
2 4 8 23 
3 4 7 8 23 
2 4 7 24 
2 4 8 24 
3 4 7 24 25 
3 4 8 24 25 
3 4 8 22 26 
4 4 7 8 22 26 
4 4 7 24 25 27 
4 4 8 24 25 27 
3 4 8 22 28 
4 4 7 8 22 28 
4 4 8 22 28 29 
5 4 7 24 25 27 29 
1 5 6 
5 5 3 2 7 8 6 
3 5 3 2 7 
3 5 6 8 7 
2 5 6 8 
4 5 3 2 7 8 
2 5 6 9 
6 5 3 2 7 8 6 9 
3 5 6 8 10 
5 5 3 2 7 8 10 
3 5 6 9 11 
6 5 3 2 7 8 10 11 
3 5 6 9 12 
7 5 3 2 7 8 6 9 12 
4 5 6 8 10 13 
6 5 3 2 7 8 10 13 
4 5 6 9 12 14 
7 5 3 2 7 8 10 13 14 
4 5 6 9 12 15 
7 5 3 2 7 8 10 18 15 
4 5 6 9 12 16 
8 5 3 2 7 8 6 9 12 16 
5 5 6 9 12 15 17 
8 5 3 2 7 8 10 18 15 17 
4 5 6 8 10 18 
6 5 3 2 7 8 10 18 
5 5 6 8 10 18 19 
7 5 3 2 7 8 10 18 19 
4 5 6 8 24 20 
5 5 3 2 7 24 20 
4 5 6 8 10 21 
6 5 3 2 7 8 10 21 
3 5 6 8 22 
5 5 3 2 7 8 22 
3 5 6 8 23 
5 5 3 2 7 8 23 
3 5 6 8 24 
4 5 3 2 7 24 
4 5 6 8 24 25 
5 5 3 2 7 24 25 
4 5 6 8 22 26 
6 5 3 2 7 8 22 26 
5 5 6 8 24 25 27 
6 5 3 2 7 24 25 27 
4 5 6 8 22 28 
6 5 3 2 7 8 22 28 
5 5 6 8 22 28 29 
7 5 3 2 7 24 25 27 29 
2 6 8 7 
4 6 5 3 2 7 
1 6 8 
4 6 9 11 10 8 
1 6 9 
4 6 8 10 11 9 
2 6 8 10 
3 6 9 11 10 
2 6 9 11 
3 6 8 10 11 
2 6 9 12 
4 6 8 10 11 12 
3 6 8 10 13 
4 6 9 11 10 13 
3 6 9 12 14 
4 6 8 10 13 14 
3 6 9 12 15 
4 6 8 10 18 15 
3 6 9 12 16 
5 6 8 10 11 12 16 
4 6 9 12 15 17 
5 6 8 10 18 15 17 
3 6 8 10 18 
4 6 9 11 10 18 
4 6 8 10 18 19 
5 6 9 11 10 18 19 
3 6 8 24 20 
5 6 9 11 10 21 20 
3 6 8 10 21 
4 6 9 11 10 21 
2 6 8 22 
5 6 9 11 10 8 22 
2 6 8 23 
5 6 9 11 10 8 23 
2 6 8 24 
5 6 5 3 2 7 24 
3 6 8 24 25 
6 6 5 3 2 7 24 25 
3 6 8 22 26 
6 6 9 11 10 8 22 26 
4 6 8 24 25 27 
7 6 5 3 2 7 24 25 27 
3 6 8 22 28 
5 6 9 11 10 21 28 
4 6 8 22 28 29 
6 6 9 11 10 21 28 29 
1 7 8 
2 7 4 8 
3 7 8 6 9 
4 7 4 8 6 9 
2 7 8 10 
3 7 4 8 10 
3 7 8 10 11 
4 7 4 8 10 11 
4 7 8 6 9 12 
5 7 4 8 6 9 12 
3 7 8 10 13 
4 7 4 8 10 13 
4 7 8 10 13 14 
5 7 4 8 10 13 14 
4 7 8 10 18 15 
5 7 4 8 10 18 15 
5 7 8 6 9 12 16 
6 7 4 8 6 9 12 16 
5 7 8 10 18 15 17 
6 7 4 8 10 18 15 17 
3 7 8 10 18 
4 7 4 8 10 18 
4 7 8 10 18 19 
4 7 24 20 21 19 
2 7 24 20 
3 7 8 24 20 
3 7 8 10 21 
3 7 24 20 21 
2 7 8 22 
3 7 4 8 22 
2 7 8 23 
3 7 4 8 23 
1 7 24 
2 7 8 24 
2 7 24 25 
3 7 8 24 25 
3 7 8 22 26 
4 7 4 8 22 26 
3 7 24 25 27 
4 7 8 24 25 27 
3 7 8 22 28 
4 7 24 20 21 28 
4 7 24 25 27 29 
4 7 8 22 28 29 
2 8 6 9 
3 8 10 11 9 
1 8 10 
3 8 22 21 10 
2 8 10 11 
3 8 6 9 11 
3 8 6 9 12 
3 8 10 11 12 
2 8 10 13 
4 8 22 21 10 13 
3 8 10 13 14 
4 8 6 9 12 14 
3 8 10 18 15 
4 8 6 9 12 15 
4 8 6 9 12 16 
4 8 10 11 12 16 
4 8 10 18 15 17 
5 8 6 9 12 15 17 
2 8 10 18 
3 8 22 21 18 
3 8 10 18 19 
3 8 22 21 19 
2 8 24 20 
3 8 10 21 20 
2 8 10 21 
2 8 22 21 
1 8 22 
3 8 10 21 22 
1 8 23 
3 8 22 26 23 
1 8 24 
2 8 7 24 
2 8 24 25 
3 8 7 24 25 
2 8 22 26 
2 8 23 26 
3 8 24 25 27 
3 8 22 26 27 
2 8 22 28 
3 8 10 21 28 
3 8 22 28 29 
4 8 24 25 27 29 
2 9 11 10 
3 9 6 8 10 
1 9 11 
2 9 12 11 
1 9 12 
2 9 11 12 
3 9 11 10 13 
3 9 12 14 13 
2 9 12 14 
3 9 11 12 14 
2 9 12 15 
3 9 11 12 15 
2 9 12 16 
3 9 11 12 16 
3 9 12 15 17 
4 9 11 12 15 17 
3 9 11 10 18 
3 9 12 15 18 
4 9 11 10 18 19 
4 9 12 15 18 19 
4 9 11 10 21 20 
4 9 6 8 24 20 
3 9 11 10 21 
4 9 6 8 10 21 
3 9 6 8 22 
4 9 11 10 8 22 
3 9 6 8 23 
4 9 11 10 8 23 
3 9 6 8 24 
4 9 11 10 8 24 
4 9 6 8 24 25 
5 9 11 10 8 24 25 
4 9 6 8 22 26 
5 9 11 10 8 22 26 
5 9 6 8 24 25 27 
6 9 11 10 8 24 25 27 
4 9 11 10 21 28 
4 9 6 8 22 28 
5 9 11 10 21 28 29 
5 9 6 8 22 28 29 
1 10 11 
4 10 8 6 9 11 
2 10 11 12 
3 10 13 14 12 
1 10 13 
4 10 11 12 14 13 
2 10 13 14 
3 10 11 12 14 
2 10 18 15 
3 10 11 12 15 
3 10 11 12 16 
3 10 18 15 16 
3 10 18 15 17 
4 10 11 12 15 17 
1 10 18 
2 10 21 18 
2 10 18 19 
2 10 21 19 
2 10 21 20 
3 10 18 21 20 
1 10 21 
2 10 18 21 
2 10 8 22 
2 10 21 22 
2 10 8 23 
4 10 21 22 8 23 
2 10 8 24 
3 10 21 20 24 
3 10 8 24 25 
4 10 21 20 24 25 
3 10 8 22 26 
3 10 21 22 26 
4 10 8 24 25 27 
4 10 21 22 26 27 
2 10 21 28 
3 10 18 21 28 
3 10 21 28 29 
4 10 18 21 28 29 
1 11 12 
2 11 9 12 
2 11 10 13 
3 11 12 14 13 
2 11 12 14 
3 11 9 12 14 
2 11 12 15 
3 11 9 12 15 
2 11 12 16 
3 11 9 12 16 
3 11 12 15 17 
4 11 9 12 15 17 
2 11 10 18 
3 11 12 15 18 
3 11 10 18 19 
4 11 12 15 18 19 
3 11 10 21 20 
5 11 12 15 18 21 20 
2 11 10 21 
4 11 12 15 18 21 
3 11 10 8 22 
4 11 9 6 8 22 
3 11 10 8 23 
4 11 9 6 8 23 
3 11 10 8 24 
4 11 9 6 8 24 
4 11 10 8 24 25 
5 11 9 6 8 24 25 
4 11 10 8 22 26 
5 11 9 6 8 22 26 
5 11 10 8 24 25 27 
6 11 9 6 8 24 25 27 
3 11 10 21 28 
5 11 12 15 18 21 28 
4 11 10 21 28 29 
6 11 12 15 18 21 28 29 
2 12 14 13 
3 12 11 10 13 
1 12 14 
4 12 11 10 13 14 
1 12 15 
2 12 16 15 
1 12 16 
2 12 15 16 
2 12 15 17 
2 12 16 17 
2 12 15 18 
3 12 11 10 18 
3 12 15 18 19 
4 12 11 10 18 19 
4 12 11 10 21 20 
4 12 15 18 21 20 
3 12 11 10 21 
3 12 15 18 21 
4 12 9 6 8 22 
4 12 11 10 8 22 
4 12 9 6 8 23 
4 12 11 10 8 23 
4 12 9 6 8 24 
4 12 11 10 8 24 
5 12 9 6 8 24 25 
5 12 11 10 8 24 25 
5 12 9 6 8 22 26 
5 12 11 10 8 22 26 
6 12 9 6 8 24 25 27 
6 12 11 10 8 24 25 27 
4 12 11 10 21 28 
4 12 15 18 21 28 
5 12 11 10 21 28 29 
5 12 15 18 21 28 29 
1 13 14 
4 13 10 11 12 14 
3 13 14 12 15 
3 13 10 18 15 
3 13 14 12 16 
4 13 10 11 12 16 
4 13 14 12 15 17 
4 13 10 18 15 17 
2 13 10 18 
4 13 14 12 15 18 
3 13 10 18 19 
5 13 14 12 15 18 19 
3 13 10 21 20 
6 13 14 12 11 10 21 20 
2 13 10 21 
5 13 14 12 11 10 21 
3 13 10 8 22 
6 13 14 12 9 6 8 22 
3 13 10 8 23 
6 13 14 12 9 6 8 23 
3 13 10 8 24 
6 13 14 12 9 6 8 24 
4 13 10 8 24 25 
7 13 14 12 9 6 8 24 25 
4 13 10 8 22 26 
7 13 14 12 9 6 8 22 26 
5 13 10 8 24 25 27 
8 13 14 12 9 6 8 24 25 27 
3 13 10 21 28 
6 13 14 12 11 10 21 28 
4 13 10 21 28 29 
7 13 14 12 11 10 21 28 29 
2 14 12 15 
4 14 13 10 18 15 
2 14 12 16 
5 14 13 10 11 12 16 
3 14 12 15 17 
5 14 13 10 18 15 17 
3 14 13 10 18 
3 14 12 15 18 
4 14 13 10 18 19 
4 14 12 15 18 19 
4 14 13 10 21 20 
5 14 12 11 10 21 20 
3 14 13 10 21 
4 14 12 11 10 21 
4 14 13 10 8 22 
5 14 12 9 6 8 22 
4 14 13 10 8 23 
5 14 12 9 6 8 23 
4 14 13 10 8 24 
5 14 12 9 6 8 24 
5 14 13 10 8 24 25 
6 14 12 9 6 8 24 25 
5 14 13 10 8 22 26 
6 14 12 9 6 8 22 26 
6 14 13 10 8 24 25 27 
7 14 12 9 6 8 24 25 27 
4 14 13 10 21 28 
5 14 12 11 10 21 28 
5 14 13 10 21 28 29 
6 14 12 11 10 21 28 29 
1 15 16 
2 15 12 16 
1 15 17 
2 15 16 17 
1 15 18 
4 15 12 11 10 18 
2 15 18 19 
5 15 12 11 10 18 19 
3 15 18 21 20 
5 15 12 11 10 21 20 
2 15 18 21 
4 15 12 11 10 21 
3 15 18 21 22 
5 15 12 9 6 8 22 
4 15 18 10 8 23 
5 15 12 9 6 8 23 
4 15 18 10 8 24 
5 15 12 9 6 8 24 
5 15 18 10 8 24 25 
6 15 12 9 6 8 24 25 
4 15 18 21 22 26 
6 15 12 9 6 8 22 26 
5 15 18 21 22 26 27 
7 15 12 9 6 8 24 25 27 
3 15 18 21 28 
5 15 12 11 10 21 28 
4 15 18 21 28 29 
6 15 12 11 10 21 28 29 
1 16 17 
2 16 15 17 
2 16 15 18 
3 16 12 15 18 
3 16 15 18 19 
4 16 12 15 18 19 
4 16 15 18 21 20 
5 16 12 11 10 21 20 
3 16 15 18 21 
4 16 12 11 10 21 
4 16 15 18 21 22 
5 16 12 9 6 8 22 
5 16 12 9 6 8 23 
5 16 15 18 10 8 23 
5 16 12 9 6 8 24 
5 16 15 18 10 8 24 
6 16 12 9 6 8 24 25 
6 16 15 18 10 8 24 25 
5 16 15 18 21 22 26 
6 16 12 9 6 8 22 26 
6 16 15 18 21 22 26 27 
7 16 12 9 6 8 24 25 27 
4 16 15 18 21 28 
5 16 12 11 10 21 28 
5 16 15 18 21 28 29 
6 16 12 11 10 21 28 29 
2 17 15 18 
3 17 16 15 18 
3 17 15 18 19 
4 17 16 15 18 19 
4 17 15 18 21 20 
5 17 16 15 18 21 20 
3 17 15 18 21 
4 17 16 15 18 21 
4 17 15 18 21 22 
5 17 16 15 18 21 22 
5 17 15 18 10 8 23 
6 17 16 12 9 6 8 23 
5 17 15 18 10 8 24 
6 17 16 12 9 6 8 24 
6 17 15 18 10 8 24 25 
7 17 16 12 9 6 8 24 25 
5 17 15 18 21 22 26 
6 17 16 15 18 21 22 26 
6 17 15 18 21 22 26 27 
7 17 16 15 18 21 22 26 27 
4 17 15 18 21 28 
5 17 16 15 18 21 28 
5 17 15 18 21 28 29 
6 17 16 15 18 21 28 29 
1 18 19 
2 18 21 19 
2 18 21 20 
3 18 10 21 20 
1 18 21 
2 18 10 21 
2 18 21 22 
3 18 10 8 22 
3 18 10 8 23 
4 18 21 10 8 23 
3 18 10 8 24 
3 18 21 20 24 
4 18 10 8 24 25 
4 18 21 20 24 25 
3 18 21 22 26 
4 18 10 8 22 26 
4 18 21 22 26 27 
5 18 10 8 24 25 27 
2 18 21 28 
3 18 10 21 28 
3 18 21 28 29 
4 18 10 21 28 29 
2 19 21 20 
3 19 18 21 20 
1 19 21 
2 19 18 21 
2 19 21 22 
3 19 18 21 22 
4 19 18 10 8 23 
4 19 21 10 8 23 
3 19 21 20 24 
4 19 18 10 8 24 
4 19 21 20 24 25 
5 19 18 10 8 24 25 
3 19 21 22 26 
4 19 18 21 22 26 
4 19 21 22 26 27 
5 19 18 21 22 26 27 
2 19 21 28 
3 19 18 21 28 
3 19 21 28 29 
4 19 18 21 28 29 
1 20 21 
4 20 24 8 10 21 
2 20 21 22 
3 20 24 8 22 
3 20 24 8 23 
4 20 21 10 8 23 
1 20 24 
4 20 21 10 8 24 
2 20 24 25 
5 20 21 10 8 24 25 
3 20 21 22 26 
4 20 24 8 22 26 
3 20 24 25 27 
4 20 21 22 26 27 
2 20 21 28 
4 20 24 8 22 28 
3 20 21 28 29 
4 20 24 25 27 29 
1 21 22 
2 21 28 22 
3 21 10 8 23 
3 21 22 8 23 
2 21 20 24 
3 21 10 8 24 
3 21 20 24 25 
4 21 10 8 24 25 
2 21 22 26 
2 21 28 26 
3 21 22 26 27 
3 21 28 26 27 
1 21 28 
2 21 22 28 
2 21 28 29 
3 21 22 28 29 
2 22 8 23 
2 22 26 23 
2 22 8 24 
3 22 21 20 24 
3 22 8 24 25 
3 22 26 27 25 
1 22 26 
2 22 28 26 
2 22 26 27 
3 22 28 26 27 
1 22 28 
2 22 21 28 
2 22 28 29 
3 22 26 27 29 
2 23 8 24 
4 23 26 22 8 24 
3 23 8 24 25 
3 23 26 27 25 
1 23 26 
3 23 8 22 26 
2 23 26 27 
4 23 8 24 25 27 
2 23 26 28 
3 23 8 22 28 
3 23 26 27 29 
4 23 8 22 28 29 
1 24 25 
5 24 8 22 26 27 25 
3 24 8 22 26 
3 24 25 27 26 
2 24 25 27 
4 24 8 22 26 27 
3 24 20 21 28 
3 24 8 22 28 
3 24 25 27 29 
4 24 20 21 28 29 
2 25 27 26 
4 25 24 8 22 26 
1 25 27 
5 25 24 8 22 26 27 
3 25 27 26 28 
4 25 24 20 21 28 
2 25 27 29 
5 25 24 20 21 28 29 
1 26 27 
3 26 28 29 27 
1 26 28 
2 26 22 28 
2 26 27 29 
2 26 28 29 
2 27 26 28 
2 27 29 28 
1 27 29 
3 27 26 28 29 
1 28 29 
3 28 26 27 29 
protection coefficient = 1.38942
