1 0 1 
3 0 3 2 1 
2 0 1 2 
2 0 3 2 
1 0 3 
2 0 12 3 
1 0 4 
3 0 1 2 4 
2 0 1 5 
2 0 3 5 
2 0 12 6 
3 0 1 5 6 
3 0 12 6 7 
4 0 1 5 6 7 
3 0 12 6 8 
4 0 1 5 6 8 
4 0 12 6 8 9 
5 0 1 5 6 8 9 
4 0 12 6 11 10 
5 0 1 5 6 11 10 
3 0 12 6 11 
4 0 1 5 6 11 
1 0 12 
2 0 3 12 
2 0 4 13 
2 0 12 13 
2 0 12 14 
3 0 3 12 14 
3 0 12 14 15 
4 0 3 12 14 15 
4 0 12 14 15 16 
5 0 3 12 14 15 16 
4 0 12 6 18 17 
5 0 1 5 6 18 17 
3 0 12 6 18 
4 0 1 5 6 18 
3 0 12 20 19 
4 0 3 12 20 19 
2 0 12 20 
3 0 3 12 20 
3 0 12 20 21 
4 0 3 12 20 21 
3 0 12 6 22 
4 0 1 5 6 22 
2 0 12 23 
3 0 3 12 23 
1 1 2 
3 1 0 3 2 
2 1 0 3 
2 1 2 3 
2 1 0 4 
2 1 2 4 
1 1 5 
3 1 0 3 5 
2 1 5 6 
3 1 0 12 6 
3 1 5 6 7 
4 1 0 12 6 7 
3 1 5 6 8 
4 1 0 12 6 8 
4 1 5 6 8 9 
5 1 0 12 6 8 9 
4 1 5 6 11 10 
5 1 0 12 6 11 10 
3 1 5 6 11 
4 1 0 12 6 11 
2 1 0 12 
3 1 2 3 12 
3 1 0 4 13 
3 1 2 4 13 
3 1 0 12 14 
4 1 2 3 12 14 
4 1 0 12 14 15 
5 1 2 3 12 14 15 
5 1 0 12 14 15 16 
5 1 5 6 18 17 16 
4 1 5 6 18 17 
5 1 0 12 6 18 17 
3 1 5 6 18 
4 1 0 12 6 18 
4 1 5 6 18 19 
4 1 0 12 20 19 
3 1 0 12 20 
4 1 2 3 12 20 
4 1 0 12 20 21 
4 1 5 6 22 21 
3 1 5 6 22 
4 1 0 12 6 22 
3 1 0 12 23 
4 1 2 3 12 23 
1 2 3 
3 2 1 0 3 
1 2 4 
3 2 1 0 4 
2 2 1 5 
2 2 3 5 
3 2 1 5 6 
3 2 3 5 6 
4 2 1 5 6 7 
4 2 3 5 6 7 
4 2 1 5 6 8 
4 2 3 5 6 8 
5 2 1 5 6 8 9 
5 2 3 5 6 8 9 
5 2 1 5 6 11 10 
5 2 3 5 6 11 10 
4 2 1 5 6 11 
4 2 3 5 6 11 
2 2 3 12 
3 2 1 0 12 
2 2 4 13 
3 2 3 12 13 
3 2 3 12 14 
3 2 4 13 14 
4 2 3 12 14 15 
4 2 4 13 14 15 
5 2 3 12 14 15 16 
5 2 4 13 14 15 16 
5 2 1 5 6 18 17 
5 2 3 5 6 18 17 
4 2 1 5 6 18 
4 2 3 5 6 18 
4 2 3 12 20 19 
5 2 1 5 6 18 19 
3 2 3 12 20 
4 2 1 0 12 20 
4 2 3 12 20 21 
5 2 1 0 12 20 21 
4 2 1 5 6 22 
4 2 3 5 6 22 
3 2 3 12 23 
3 2 4 13 23 
2 3 0 4 
2 3 2 4 
1 3 5 
3 3 0 1 5 
2 3 5 6 
2 3 12 6 
3 3 5 6 7 
3 3 12 6 7 
3 3 5 6 8 
3 3 12 6 8 
4 3 5 6 8 9 
4 3 12 6 8 9 
4 3 5 6 11 10 
4 3 12 6 11 10 
3 3 5 6 11 
3 3 12 6 11 
1 3 12 
2 3 0 12 
2 3 12 13 
3 3 0 4 13 
2 3 12 14 
3 3 0 12 14 
3 3 12 14 15 
4 3 0 12 14 15 
4 3 12 14 15 16 
5 3 0 12 14 15 16 
4 3 5 6 18 17 
4 3 12 6 18 17 
3 3 5 6 18 
3 3 12 6 18 
3 3 12 20 19 
4 3 5 6 18 19 
2 3 12 20 
3 3 0 12 20 
3 3 12 20 21 
4 3 0 12 20 21 
3 3 5 6 22 
3 3 12 6 22 
2 3 12 23 
3 3 0 12 23 
1 4 5 
3 4 0 1 5 
2 4 5 6 
3 4 0 12 6 
3 4 5 6 7 
4 4 0 12 6 7 
3 4 5 6 8 
4 4 0 12 6 8 
4 4 5 6 8 9 
5 4 0 12 6 8 9 
4 4 5 6 11 10 
5 4 0 12 6 11 10 
3 4 5 6 11 
4 4 0 12 6 11 
2 4 0 12 
2 4 13 12 
1 4 13 
3 4 0 12 13 
2 4 13 14 
3 4 0 12 14 
3 4 13 14 15 
4 4 0 12 14 15 
4 4 13 14 15 16 
5 4 0 12 14 15 16 
4 4 5 6 18 17 
5 4 13 14 15 16 17 
3 4 5 6 18 
4 4 0 12 6 18 
4 4 5 6 18 19 
4 4 0 12 20 19 
3 4 0 12 20 
3 4 13 12 20 
4 4 0 12 20 21 
4 4 13 12 20 21 
3 4 5 6 22 
4 4 0 12 6 22 
2 4 13 23 
3 4 0 12 23 
1 5 6 
3 5 3 12 6 
2 5 6 7 
4 5 3 12 6 7 
2 5 6 8 
4 5 3 12 6 8 
3 5 6 8 9 
5 5 3 12 6 8 9 
3 5 6 11 10 
5 5 3 12 6 11 10 
2 5 6 11 
4 5 3 12 6 11 
2 5 3 12 
2 5 6 12 
2 5 4 13 
3 5 3 12 13 
3 5 3 12 14 
3 5 6 12 14 
4 5 3 12 14 15 
4 5 6 12 14 15 
4 5 6 18 17 16 
5 5 3 12 14 15 16 
3 5 6 18 17 
5 5 3 12 6 18 17 
2 5 6 18 
4 5 3 12 6 18 
3 5 6 18 19 
4 5 3 12 20 19 
3 5 3 12 20 
3 5 6 12 20 
3 5 6 22 21 
4 5 3 12 20 21 
2 5 6 22 
4 5 3 12 6 22 
3 5 3 12 23 
3 5 6 12 23 
1 6 7 
2 6 8 7 
1 6 8 
2 6 7 8 
2 6 8 9 
3 6 7 8 9 
2 6 11 10 
3 6 8 9 10 
1 6 11 
4 6 8 9 10 11 
1 6 12 
3 6 5 3 12 
2 6 12 13 
3 6 5 4 13 
2 6 12 14 
4 6 5 3 12 14 
3 6 12 14 15 
4 6 18 17 16 15 
3 6 18 17 16 
4 6 12 14 15 16 
2 6 18 17 
4 6 12 20 18 17 
1 6 18 
3 6 12 20 18 
2 6 18 19 
3 6 12 20 19 
2 6 12 20 
2 6 18 20 
2 6 22 21 
3 6 12 20 21 
1 6 22 
3 6 12 20 22 
2 6 12 23 
4 6 5 3 12 23 
1 7 8 
2 7 6 8 
2 7 8 9 
3 7 6 8 9 
3 7 8 9 10 
3 7 6 11 10 
2 7 6 11 
3 7 8 6 11 
2 7 6 12 
3 7 8 6 12 
3 7 6 12 13 
4 7 8 6 12 13 
3 7 6 12 14 
4 7 8 6 12 14 
4 7 6 12 14 15 
5 7 8 6 12 14 15 
4 7 6 18 17 16 
5 7 8 6 18 17 16 
3 7 6 18 17 
4 7 8 6 18 17 
2 7 6 18 
3 7 8 6 18 
3 7 6 18 19 
4 7 8 6 18 19 
3 7 6 12 20 
4 7 8 6 12 20 
3 7 6 22 21 
4 7 8 6 22 21 
2 7 6 22 
3 7 8 6 22 
3 7 6 12 23 
4 7 8 6 12 23 
1 8 9 
4 8 6 11 10 9 
2 8 9 10 
3 8 6 11 10 
2 8 6 11 
3 8 7 6 11 
2 8 6 12 
3 8 7 6 12 
3 8 6 12 13 
4 8 7 6 12 13 
3 8 6 12 14 
4 8 7 6 12 14 
4 8 6 12 14 15 
5 8 7 6 12 14 15 
4 8 6 18 17 16 
5 8 7 6 18 17 16 
3 8 6 18 17 
4 8 7 6 18 17 
2 8 6 18 
3 8 7 6 18 
3 8 6 18 19 
4 8 7 6 18 19 
3 8 6 12 20 
4 8 7 6 12 20 
3 8 6 22 21 
4 8 7 6 22 21 
2 8 6 22 
3 8 7 6 22 
3 8 6 12 23 
4 8 7 6 12 23 
1 9 10 
4 9 8 6 11 10 
2 9 10 11 
3 9 8 6 11 
3 9 8 6 12 
4 9 10 11 6 12 
4 9 8 6 12 13 
5 9 10 11 6 12 13 
4 9 8 6 12 14 
5 9 10 11 6 12 14 
5 9 8 6 12 14 15 
6 9 10 11 6 12 14 15 
5 9 8 6 18 17 16 
6 9 10 11 6 18 17 16 
4 9 8 6 18 17 
5 9 10 11 6 18 17 
3 9 8 6 18 
4 9 10 11 6 18 
4 9 8 6 18 19 
5 9 10 11 6 18 19 
4 9 8 6 12 20 
5 9 10 11 6 12 20 
4 9 8 6 22 21 
5 9 10 11 6 22 21 
3 9 8 6 22 
4 9 10 11 6 22 
4 9 8 6 12 23 
5 9 10 11 6 12 23 
1 10 11 
4 10 9 8 6 11 
3 10 11 6 12 
4 10 9 8 6 12 
4 10 11 6 12 13 
5 10 9 8 6 12 13 
4 10 11 6 12 14 
5 10 9 8 6 12 14 
5 10 11 6 12 14 15 
6 10 9 8 6 12 14 15 
5 10 11 6 18 17 16 
6 10 9 8 6 18 17 16 
4 10 11 6 18 17 
5 10 9 8 6 18 17 
3 10 11 6 18 
4 10 9 8 6 18 
4 10 11 6 18 19 
5 10 9 8 6 18 19 
4 10 11 6 12 20 
5 10 9 8 6 12 20 
4 10 11 6 22 21 
5 10 9 8 6 22 21 
3 10 11 6 22 
4 10 9 8 6 22 
4 10 11 6 12 23 
5 10 9 8 6 12 23 
2 11 6 12 
5 11 10 9 8 6 12 
3 11 6 12 13 
6 11 10 9 8 6 12 13 
3 11 6 12 14 
6 11 10 9 8 6 12 14 
4 11 6 12 14 15 
7 11 10 9 8 6 12 14 15 
4 11 6 18 17 16 
7 11 10 9 8 6 18 17 16 
3 11 6 18 17 
6 11 10 9 8 6 18 17 
2 11 6 18 
5 11 10 9 8 6 18 
3 11 6 18 19 
6 11 10 9 8 6 18 19 
3 11 6 12 20 
6 11 10 9 8 6 12 20 
3 11 6 22 21 
6 11 10 9 8 6 22 21 
2 11 6 22 
5 11 10 9 8 6 22 
3 11 6 12 23 
6 11 10 9 8 6 12 23 
1 12 13 
2 12 14 13 
1 12 14 
2 12 13 14 
2 12 14 15 
3 12 13 14 15 
3 12 14 15 16 
4 12 13 14 15 16 
3 12 6 18 17 
3 12 20 18 17 
2 12 6 18 
2 12 20 18 
2 12 20 19 
3 12 6 18 19 
1 12 20 
3 12 6 18 20 
2 12 20 21 
3 12 6 22 21 
2 12 6 22 
2 12 20 22 
1 12 23 
2 12 13 23 
1 13 14 
2 13 12 14 
2 13 14 15 
3 13 12 14 15 
3 13 14 15 16 
4 13 12 14 15 16 
4 13 14 15 16 17 
4 13 12 6 18 17 
3 13 12 6 18 
4 13 4 5 6 18 
3 13 12 20 19 
4 13 14 12 20 19 
2 13 12 20 
3 13 14 12 20 
3 13 12 20 21 
4 13 14 12 20 21 
3 13 12 6 22 
4 13 4 5 6 22 
1 13 23 
2 13 12 23 
1 14 15 
6 14 12 6 18 17 16 15 
2 14 15 16 
5 14 12 6 18 17 16 
3 14 15 16 17 
4 14 12 6 18 17 
3 14 12 6 18 
4 14 13 12 6 18 
3 14 12 20 19 
4 14 15 16 17 19 
2 14 12 20 
3 14 13 12 20 
3 14 12 20 21 
4 14 13 12 20 21 
3 14 12 6 22 
4 14 13 12 6 22 
2 14 12 23 
2 14 13 23 
1 15 16 
6 15 14 12 6 18 17 16 
2 15 16 17 
5 15 14 12 6 18 17 
3 15 16 17 18 
4 15 14 12 6 18 
3 15 16 17 19 
4 15 14 12 20 19 
3 15 14 12 20 
4 15 16 17 18 20 
4 15 14 12 20 21 
5 15 16 17 18 20 21 
4 15 14 12 6 22 
5 15 16 17 18 6 22 
3 15 14 12 23 
6 15 16 17 18 6 12 23 
1 16 17 
6 16 15 14 12 6 18 17 
2 16 17 18 
5 16 15 14 12 6 18 
2 16 17 19 
5 16 15 14 12 20 19 
3 16 17 18 20 
4 16 15 14 12 20 
4 16 17 18 20 21 
5 16 15 14 12 20 21 
4 16 17 18 6 22 
5 16 15 14 12 6 22 
4 16 15 14 12 23 
5 16 17 18 6 12 23 
1 17 18 
2 17 19 18 
1 17 19 
2 17 18 19 
2 17 18 20 
2 17 19 20 
3 17 18 20 21 
3 17 19 20 21 
3 17 18 6 22 
3 17 19 20 22 
4 17 18 6 12 23 
4 17 19 20 12 23 
1 18 19 
2 18 17 19 
1 18 20 
2 18 19 20 
2 18 20 21 
3 18 19 20 21 
2 18 6 22 
2 18 20 22 
3 18 6 12 23 
3 18 20 12 23 
1 19 20 
2 19 18 20 
2 19 20 21 
3 19 18 20 21 
2 19 20 22 
3 19 18 6 22 
3 19 20 12 23 
4 19 18 6 12 23 
1 20 21 
2 20 22 21 
1 20 22 
2 20 21 22 
2 20 12 23 
4 20 18 6 12 23 
1 21 22 
2 21 20 22 
3 21 20 12 23 
4 21 22 6 12 23 
3 22 6 12 23 
3 22 20 12 23 
protection coefficient = 1.4
