1 0 1 
2 0 4 1 
2 0 1 2 
3 0 4 1 2 
2 0 1 3 
2 0 4 3 
1 0 4 
2 0 1 4 
2 0 1 5 
2 0 4 5 
1 0 6 
2 0 1 6 
2 0 6 7 
3 0 1 6 7 
2 0 1 8 
3 0 4 1 8 
3 0 1 5 9 
3 0 4 5 9 
3 0 1 11 10 
3 0 4 11 10 
2 0 1 11 
2 0 4 11 
3 0 1 11 12 
3 0 4 11 12 
3 0 1 11 13 
3 0 4 11 13 
1 1 2 
2 1 3 2 
1 1 3 
2 1 2 3 
1 1 4 
2 1 0 4 
1 1 5 
2 1 4 5 
1 1 6 
2 1 0 6 
2 1 6 7 
2 1 8 7 
1 1 8 
2 1 5 8 
2 1 5 9 
2 1 11 9 
2 1 11 10 
3 1 5 9 10 
1 1 11 
2 1 4 11 
2 1 11 12 
3 1 4 11 12 
2 1 11 13 
3 1 4 11 13 
1 2 3 
2 2 1 3 
2 2 1 4 
2 2 3 4 
2 2 1 5 
3 2 3 1 5 
2 2 1 6 
3 2 3 1 6 
3 2 1 6 7 
4 2 3 1 6 7 
2 2 1 8 
3 2 3 1 8 
3 2 1 5 9 
4 2 3 1 5 9 
3 2 1 11 10 
4 2 3 1 11 10 
2 2 1 11 
3 2 3 1 11 
3 2 1 11 12 
4 2 3 1 11 12 
3 2 1 11 13 
4 2 3 1 11 13 
1 3 4 
2 3 1 4 
2 3 1 5 
2 3 4 5 
2 3 1 6 
3 3 4 0 6 
3 3 1 6 7 
3 3 4 11 7 
2 3 1 8 
3 3 2 1 8 
3 3 1 5 9 
3 3 4 5 9 
3 3 1 11 10 
3 3 4 11 10 
2 3 1 11 
2 3 4 11 
3 3 1 11 12 
3 3 4 11 12 
3 3 1 11 13 
3 3 4 11 13 
1 4 5 
2 4 1 5 
2 4 0 6 
2 4 1 6 
2 4 11 7 
3 4 0 6 7 
2 4 1 8 
2 4 5 8 
2 4 5 9 
2 4 11 9 
2 4 11 10 
3 4 5 9 10 
1 4 11 
2 4 1 11 
2 4 11 12 
3 4 1 11 12 
2 4 11 13 
3 4 1 11 13 
1 5 6 
2 5 1 6 
2 5 6 7 
2 5 8 7 
1 5 8 
2 5 1 8 
1 5 9 
2 5 11 9 
2 5 9 10 
2 5 11 10 
1 5 11 
2 5 1 11 
2 5 11 12 
3 5 9 10 12 
2 5 11 13 
3 5 1 11 13 
1 6 7 
3 6 1 8 7 
2 6 1 8 
2 6 5 8 
2 6 5 9 
3 6 1 5 9 
3 6 5 9 10 
3 6 1 11 10 
2 6 1 11 
2 6 5 11 
3 6 1 11 12 
3 6 5 11 12 
3 6 1 11 13 
3 6 5 11 13 
1 7 8 
2 7 11 8 
2 7 11 9 
3 7 6 5 9 
2 7 11 10 
3 7 8 11 10 
1 7 11 
2 7 8 11 
2 7 11 12 
3 7 8 11 12 
2 7 11 13 
3 7 8 11 13 
2 8 5 9 
2 8 11 9 
2 8 11 10 
3 8 5 9 10 
1 8 11 
2 8 1 11 
2 8 11 12 
3 8 1 11 12 
2 8 11 13 
3 8 1 11 13 
1 9 10 
2 9 11 10 
1 9 11 
2 9 5 11 
2 9 10 12 
2 9 11 12 
2 9 11 13 
3 9 5 11 13 
1 10 11 
2 10 9 11 
1 10 12 
2 10 11 12 
2 10 11 13 
2 10 12 13 
1 11 12 
2 11 10 12 
1 11 13 
2 11 12 13 
1 12 13 
2 12 11 13 
protection coefficient = 1.36471
