1 0 1 
2 0 28 1 
2 0 28 2 
5 0 1 27 3 26 2 
3 0 1 27 3 
4 0 28 2 26 3 
4 0 1 27 3 4 
7 0 28 2 26 8 7 5 4 
5 0 1 27 3 4 5 
6 0 28 2 26 8 7 5 
6 0 1 27 3 4 5 6 
6 0 28 2 26 8 9 6 
4 0 1 27 3 7 
5 0 28 2 26 8 7 
4 0 28 2 26 8 
5 0 1 27 3 7 8 
5 0 28 2 26 8 9 
6 0 1 27 3 26 23 9 
5 0 1 27 3 4 10 
7 0 28 2 26 8 9 6 10 
6 0 28 2 26 8 9 11 
7 0 1 27 3 26 23 21 11 
7 0 28 2 26 8 9 11 12 
8 0 1 27 3 26 23 21 20 12 
7 0 28 2 25 22 18 20 13 
9 0 1 27 3 7 8 9 11 12 13 
10 0 28 2 25 22 18 20 13 17 15 14 
10 0 1 27 3 7 8 9 11 12 13 14 
8 0 28 2 25 22 18 19 17 15 
10 0 1 27 3 26 23 21 20 13 14 15 
11 0 1 27 3 7 8 9 11 12 13 14 16 
10 0 28 2 25 22 18 20 13 17 15 16 
7 0 28 2 25 22 18 19 17 
9 0 1 27 3 26 23 21 20 13 17 
5 0 28 2 25 22 18 
8 0 1 27 3 26 23 21 20 18 
6 0 28 2 25 22 18 19 
10 0 1 27 3 26 23 21 20 13 17 19 
6 0 28 2 25 22 18 20 
7 0 1 27 3 26 23 21 20 
5 0 28 2 25 22 21 
6 0 1 27 3 26 23 21 
4 0 28 2 25 22 
7 0 1 27 3 26 23 21 22 
4 0 28 2 26 23 
7 0 1 27 3 7 8 9 23 
4 0 28 2 25 24 
6 0 1 27 3 26 23 24 
3 0 28 2 25 
7 0 1 27 3 26 23 24 25 
3 0 28 2 26 
4 0 1 27 3 26 
2 0 1 27 
3 0 28 29 27 
1 0 28 
2 0 1 28 
2 0 28 29 
3 0 1 27 29 
1 0 30 
2 0 28 30 
2 1 28 2 
4 1 27 3 26 2 
2 1 27 3 
4 1 28 2 26 3 
3 1 27 3 4 
7 1 28 2 26 8 7 5 4 
4 1 27 3 4 5 
6 1 28 2 26 8 7 5 
5 1 27 3 4 5 6 
6 1 28 2 26 8 9 6 
3 1 27 3 7 
5 1 28 2 26 8 7 
4 1 27 3 7 8 
4 1 28 2 26 8 
5 1 27 3 7 8 9 
5 1 28 2 26 23 9 
4 1 27 3 4 10 
7 1 28 2 26 8 9 6 10 
6 1 27 3 7 8 9 11 
6 1 28 2 25 22 21 11 
7 1 27 3 7 8 9 11 12 
7 1 28 2 25 22 18 20 12 
7 1 28 2 25 22 18 20 13 
8 1 27 3 7 8 9 11 12 13 
10 1 28 2 25 22 18 20 13 17 15 14 
9 1 27 3 7 8 9 11 12 13 14 
8 1 28 2 25 22 18 19 17 15 
9 1 27 3 26 23 21 20 13 14 15 
10 1 28 2 25 22 18 20 13 17 15 16 
10 1 27 3 7 8 9 11 12 13 14 16 
7 1 28 2 25 22 18 19 17 
8 1 27 3 26 23 21 20 13 17 
5 1 28 2 25 22 18 
7 1 27 3 26 23 21 20 18 
6 1 28 2 25 22 18 19 
9 1 27 3 26 23 21 20 13 17 19 
6 1 28 2 25 22 18 20 
6 1 27 3 26 23 21 20 
5 1 28 2 25 22 21 
5 1 27 3 26 23 21 
4 1 28 2 25 22 
6 1 27 3 26 23 21 22 
4 1 28 2 26 23 
6 1 27 3 7 8 9 23 
4 1 28 2 25 24 
5 1 27 3 26 23 24 
3 1 28 2 25 
6 1 27 3 26 23 24 25 
3 1 28 2 26 
3 1 27 3 26 
1 1 27 
3 1 28 29 27 
1 1 28 
2 1 0 28 
2 1 27 29 
2 1 28 29 
2 1 0 30 
2 1 28 30 
2 2 26 3 
4 2 28 1 27 3 
3 2 26 3 4 
7 2 25 24 23 9 6 5 4 
4 2 26 3 4 5 
6 2 25 24 23 9 6 5 
4 2 26 8 9 6 
7 2 28 1 27 3 4 5 6 
3 2 26 3 7 
5 2 28 29 26 8 7 
2 2 26 8 
5 2 25 24 23 9 8 
3 2 26 8 9 
4 2 25 24 23 9 
4 2 26 3 4 10 
6 2 25 24 23 9 6 10 
4 2 26 8 9 11 
4 2 25 22 21 11 
5 2 26 8 9 11 12 
5 2 25 22 18 20 12 
5 2 25 22 18 20 13 
6 2 26 8 9 11 12 13 
8 2 25 22 18 20 13 17 15 14 
7 2 26 8 9 11 12 13 14 
6 2 25 22 18 19 17 15 
7 2 26 23 21 20 13 14 15 
8 2 25 22 18 20 13 17 15 16 
8 2 26 8 9 11 12 13 14 16 
5 2 25 22 18 19 17 
6 2 26 23 21 20 13 17 
3 2 25 22 18 
5 2 26 23 21 20 18 
4 2 25 22 18 19 
7 2 26 23 21 20 13 17 19 
4 2 25 22 18 20 
4 2 26 23 21 20 
3 2 25 22 21 
3 2 26 23 21 
2 2 25 22 
4 2 26 23 21 22 
2 2 26 23 
3 2 25 24 23 
2 2 25 24 
3 2 26 23 24 
1 2 25 
4 2 26 23 24 25 
1 2 26 
3 2 28 29 26 
3 2 28 1 27 
3 2 26 3 27 
1 2 28 
3 2 26 29 28 
2 2 26 29 
2 2 28 29 
4 2 26 29 28 30 
3 2 28 0 30 
1 3 4 
3 3 7 5 4 
2 3 4 5 
2 3 7 5 
3 3 4 5 6 
4 3 7 8 9 6 
1 3 7 
3 3 4 5 7 
2 3 7 8 
2 3 26 8 
3 3 7 8 9 
3 3 26 23 9 
2 3 4 10 
4 3 7 5 6 10 
4 3 7 8 9 11 
4 3 26 23 21 11 
5 3 7 8 9 11 12 
5 3 26 23 21 20 12 
5 3 26 23 21 20 13 
6 3 7 8 9 11 12 13 
8 3 26 23 21 20 13 17 15 14 
7 3 7 8 9 11 12 13 14 
7 3 26 23 21 20 13 14 15 
8 3 7 8 9 11 12 13 17 15 
8 3 26 23 21 20 13 17 15 16 
8 3 7 8 9 11 12 13 14 16 
8 3 26 23 21 20 13 14 15 17 
7 3 7 8 9 11 12 13 17 
5 3 26 23 21 20 18 
7 3 7 8 9 11 21 22 18 
6 3 26 23 21 20 18 19 
8 3 7 8 9 11 12 13 17 19 
4 3 26 23 21 20 
6 3 7 8 9 11 12 20 
3 3 26 23 21 
5 3 7 8 9 11 21 
4 3 26 23 21 22 
6 3 27 1 28 2 25 22 
2 3 26 23 
4 3 7 8 9 23 
3 3 26 23 24 
6 3 7 8 9 11 21 24 
3 3 26 2 25 
6 3 7 8 9 23 24 25 
1 3 26 
3 3 7 8 26 
1 3 27 
3 3 26 29 27 
3 3 27 1 28 
3 3 26 2 28 
2 3 26 29 
2 3 27 29 
4 3 27 1 0 30 
4 3 26 2 28 30 
1 4 5 
3 4 3 7 5 
2 4 5 6 
2 4 10 6 
2 4 3 7 
2 4 5 7 
3 4 3 7 8 
4 4 5 6 9 8 
3 4 5 6 9 
4 4 3 7 8 9 
1 4 10 
3 4 5 6 10 
4 4 5 6 9 11 
5 4 3 26 23 21 11 
5 4 5 6 9 11 12 
6 4 3 26 23 21 20 12 
6 4 5 6 9 11 12 13 
6 4 3 26 23 21 20 13 
7 4 5 6 9 11 12 13 14 
9 4 3 26 23 21 20 13 17 15 14 
8 4 5 6 9 11 12 13 14 15 
8 4 3 26 23 21 20 13 17 15 
8 4 5 6 9 11 12 13 14 16 
9 4 3 26 23 21 20 13 17 15 16 
7 4 5 6 9 11 12 13 17 
8 4 3 26 23 21 20 18 19 17 
6 4 3 26 23 21 20 18 
7 4 5 6 9 11 21 22 18 
7 4 3 26 23 21 20 18 19 
8 4 5 6 9 11 12 13 17 19 
5 4 3 26 23 21 20 
6 4 5 6 9 11 12 20 
4 4 3 26 23 21 
5 4 5 6 9 11 21 
6 4 3 26 23 24 25 22 
6 4 5 6 9 23 21 22 
3 4 3 26 23 
4 4 5 6 9 23 
4 4 3 26 23 24 
6 4 5 6 9 11 21 24 
4 4 3 26 2 25 
6 4 5 6 9 23 24 25 
2 4 3 26 
4 4 5 7 8 26 
2 4 3 27 
6 4 5 7 8 26 29 27 
4 4 3 27 1 28 
6 4 5 7 8 26 2 28 
3 4 3 26 29 
5 4 5 7 3 27 29 
5 4 3 27 1 0 30 
7 4 5 7 8 26 2 28 30 
1 5 6 
3 5 4 10 6 
1 5 7 
3 5 4 3 7 
2 5 7 8 
3 5 6 9 8 
2 5 6 9 
3 5 7 8 9 
2 5 4 10 
2 5 6 10 
3 5 6 9 11 
6 5 4 3 26 23 21 11 
4 5 6 9 11 12 
7 5 4 3 26 23 21 20 12 
5 5 6 9 11 12 13 
7 5 4 3 26 23 21 20 13 
8 5 6 9 11 12 13 17 15 14 
8 5 4 3 26 23 21 20 13 14 
7 5 6 9 11 12 13 14 15 
9 5 4 3 26 23 21 20 13 17 15 
9 5 4 3 26 23 21 20 13 14 16 
8 5 6 9 11 12 13 17 15 16 
6 5 6 9 11 12 13 17 
9 5 4 3 26 2 25 22 18 19 17 
6 5 6 9 11 12 20 18 
7 5 4 3 26 2 25 22 18 
7 5 6 9 11 12 13 17 19 
8 5 4 3 26 2 25 22 18 19 
5 5 6 9 11 12 20 
6 5 4 3 26 23 21 20 
4 5 6 9 11 21 
5 5 4 3 26 23 21 
5 5 6 9 11 21 22 
6 5 4 3 26 2 25 22 
3 5 6 9 23 
4 5 4 3 26 23 
4 5 6 9 23 24 
6 5 4 3 26 2 25 24 
5 5 4 3 26 2 25 
5 5 6 9 23 24 25 
3 5 4 3 26 
3 5 7 8 26 
3 5 4 3 27 
5 5 7 3 26 29 27 
5 5 4 3 27 1 28 
5 5 7 3 26 2 28 
4 5 4 3 26 29 
4 5 7 3 27 29 
6 5 4 3 27 1 0 30 
6 5 7 3 26 2 28 30 
2 6 5 7 
3 6 9 8 7 
2 6 9 8 
3 6 5 7 8 
1 6 9 
4 6 5 7 8 9 
1 6 10 
3 6 5 4 10 
2 6 9 11 
7 6 5 4 3 26 23 21 11 
3 6 9 11 12 
8 6 5 4 3 26 23 21 20 12 
4 6 9 11 12 13 
8 6 5 4 3 26 23 21 20 13 
9 6 5 4 3 26 23 21 20 13 14 
7 6 9 11 12 13 17 15 14 
6 6 9 11 12 13 14 15 
10 6 5 4 3 26 23 21 20 13 17 15 
10 6 5 4 3 26 23 21 20 13 14 16 
7 6 9 11 12 13 17 15 16 
5 6 9 11 12 13 17 
10 6 5 4 3 26 2 25 22 18 19 17 
5 6 9 11 12 20 18 
8 6 5 4 3 26 2 25 22 18 
6 6 9 11 12 13 17 19 
9 6 5 4 3 26 2 25 22 18 19 
4 6 9 11 12 20 
7 6 5 4 3 26 23 21 20 
3 6 9 11 21 
6 6 5 4 3 26 23 21 
4 6 9 11 21 22 
7 6 5 4 3 26 2 25 22 
2 6 9 23 
5 6 5 4 3 26 23 
3 6 9 23 24 
7 6 5 4 3 26 2 25 24 
4 6 9 23 24 25 
6 6 5 4 3 26 2 25 
3 6 9 8 26 
4 6 5 4 3 26 
4 6 5 4 3 27 
5 6 9 8 26 29 27 
5 6 9 8 26 2 28 
6 6 5 4 3 27 1 28 
4 6 9 8 26 29 
5 6 5 4 3 27 29 
6 6 9 8 26 2 28 30 
7 6 5 4 3 27 1 0 30 
1 7 8 
3 7 3 26 8 
2 7 8 9 
3 7 5 6 9 
3 7 3 4 10 
3 7 5 6 10 
3 7 8 9 11 
5 7 3 26 23 21 11 
4 7 8 9 11 12 
6 7 3 26 23 21 20 12 
5 7 8 9 11 12 13 
6 7 3 26 23 21 20 13 
8 7 8 9 11 12 13 17 15 14 
7 7 3 26 23 21 20 13 14 
7 7 8 9 11 12 13 14 15 
8 7 3 26 23 21 20 13 17 15 
8 7 8 9 11 12 13 17 15 16 
8 7 3 26 23 21 20 13 14 16 
6 7 8 9 11 12 13 17 
8 7 3 26 23 21 20 18 19 17 
6 7 8 9 11 12 20 18 
6 7 3 26 23 21 22 18 
7 7 8 9 11 12 13 17 19 
7 7 3 26 23 21 20 18 19 
5 7 8 9 11 12 20 
5 7 3 26 23 21 20 
4 7 8 9 11 21 
4 7 3 26 23 21 
5 7 8 9 11 21 22 
5 7 3 26 2 25 22 
3 7 8 9 23 
3 7 3 26 23 
4 7 8 9 23 24 
5 7 3 26 23 21 24 
4 7 3 26 2 25 
5 7 8 9 23 24 25 
2 7 3 26 
2 7 8 26 
2 7 3 27 
4 7 8 26 29 27 
4 7 3 27 1 28 
4 7 8 26 2 28 
3 7 3 27 29 
3 7 8 26 29 
5 7 3 27 1 0 30 
5 7 8 26 2 28 30 
1 8 9 
3 8 26 23 9 
3 8 9 6 10 
4 8 7 3 4 10 
2 8 9 11 
4 8 26 23 21 11 
3 8 9 11 12 
5 8 26 23 21 20 12 
4 8 9 11 12 13 
5 8 26 23 21 20 13 
7 8 9 11 12 13 17 15 14 
6 8 26 23 21 20 13 14 
6 8 9 11 12 13 14 15 
7 8 26 23 21 20 13 17 15 
7 8 9 11 12 13 17 15 16 
7 8 26 23 21 20 13 14 16 
5 8 9 11 12 13 17 
7 8 26 23 21 20 18 19 17 
5 8 9 11 12 20 18 
5 8 26 23 21 22 18 
6 8 9 11 12 13 17 19 
6 8 26 23 21 20 18 19 
4 8 9 11 12 20 
4 8 26 23 21 20 
3 8 9 11 21 
3 8 26 23 21 
4 8 9 11 21 22 
4 8 26 2 25 22 
2 8 9 23 
2 8 26 23 
3 8 9 23 24 
4 8 26 23 21 24 
3 8 26 2 25 
4 8 9 23 24 25 
1 8 26 
3 8 7 3 26 
3 8 7 3 27 
3 8 26 29 27 
3 8 26 2 28 
5 8 7 3 27 1 28 
2 8 26 29 
4 8 7 3 27 29 
4 8 26 2 28 30 
6 8 7 3 27 1 0 30 
2 9 6 10 
5 9 8 7 3 4 10 
1 9 11 
3 9 23 21 11 
2 9 11 12 
4 9 23 21 20 12 
3 9 11 12 13 
4 9 23 21 20 13 
6 9 11 12 13 17 15 14 
5 9 23 21 20 13 14 
5 9 11 12 13 14 15 
6 9 23 21 20 13 17 15 
6 9 11 12 13 17 15 16 
6 9 23 21 20 13 14 16 
4 9 11 12 13 17 
6 9 23 21 20 18 19 17 
4 9 11 12 20 18 
4 9 23 21 22 18 
5 9 11 12 13 17 19 
5 9 23 21 20 18 19 
3 9 11 12 20 
3 9 23 21 20 
2 9 11 21 
2 9 23 21 
3 9 11 21 22 
4 9 23 24 25 22 
1 9 23 
3 9 11 21 23 
2 9 23 24 
3 9 11 21 24 
3 9 23 24 25 
4 9 11 21 22 25 
2 9 8 26 
2 9 23 26 
4 9 8 7 3 27 
4 9 23 26 29 27 
4 9 8 26 2 28 
4 9 23 26 29 28 
3 9 8 26 29 
5 9 23 26 3 27 29 
5 9 8 26 2 28 30 
6 9 23 26 29 28 0 30 
3 10 6 9 11 
6 10 4 3 26 23 21 11 
4 10 6 9 11 12 
7 10 4 3 26 23 21 20 12 
5 10 6 9 11 12 13 
7 10 4 3 26 23 21 20 13 
8 10 6 9 11 12 13 17 15 14 
8 10 4 3 26 23 21 20 13 14 
7 10 6 9 11 12 13 14 15 
9 10 4 3 26 23 21 20 13 17 15 
9 10 4 3 26 23 21 20 13 14 16 
8 10 6 9 11 12 13 17 15 16 
6 10 6 9 11 12 13 17 
9 10 4 3 26 2 25 22 18 19 17 
6 10 6 9 11 12 20 18 
7 10 4 3 26 2 25 22 18 
7 10 6 9 11 12 13 17 19 
8 10 4 3 26 2 25 22 18 19 
5 10 6 9 11 12 20 
6 10 4 3 26 23 21 20 
4 10 6 9 11 21 
5 10 4 3 26 23 21 
5 10 6 9 11 21 22 
6 10 4 3 26 2 25 22 
3 10 6 9 23 
4 10 4 3 26 23 
4 10 6 9 23 24 
6 10 4 3 26 2 25 24 
5 10 4 3 26 2 25 
5 10 6 9 23 24 25 
3 10 4 3 26 
4 10 6 9 8 26 
3 10 4 3 27 
6 10 6 9 8 26 29 27 
5 10 4 3 27 1 28 
6 10 6 9 8 26 2 28 
5 10 6 9 8 26 29 
4 10 4 3 27 29 
6 10 4 3 27 1 0 30 
7 10 6 9 8 26 2 28 30 
1 11 12 
3 11 21 20 12 
2 11 12 13 
3 11 21 20 13 
5 11 12 13 17 15 14 
4 11 21 20 13 14 
4 11 12 13 14 15 
5 11 21 20 13 17 15 
5 11 12 13 17 15 16 
5 11 21 20 13 14 16 
3 11 12 13 17 
5 11 21 20 18 19 17 
3 11 12 20 18 
3 11 21 22 18 
4 11 12 13 17 19 
4 11 21 20 18 19 
2 11 12 20 
2 11 21 20 
1 11 21 
3 11 12 20 21 
2 11 21 22 
4 11 12 20 18 22 
2 11 9 23 
2 11 21 23 
2 11 21 24 
3 11 9 23 24 
3 11 21 22 25 
4 11 9 23 24 25 
3 11 9 8 26 
3 11 21 23 26 
5 11 9 8 7 3 27 
5 11 21 23 26 29 27 
5 11 21 22 25 2 28 
5 11 9 8 26 29 28 
4 11 9 8 26 29 
6 11 21 23 26 3 27 29 
6 11 21 22 25 2 28 30 
7 11 9 8 26 29 28 0 30 
1 12 13 
2 12 20 13 
4 12 13 17 15 14 
3 12 20 13 14 
3 12 13 14 15 
4 12 20 13 17 15 
4 12 13 17 15 16 
4 12 20 13 14 16 
2 12 13 17 
4 12 20 18 19 17 
2 12 20 18 
4 12 13 17 19 18 
3 12 13 17 19 
3 12 20 18 19 
1 12 20 
2 12 13 20 
2 12 11 21 
2 12 20 21 
3 12 20 18 22 
3 12 11 21 22 
3 12 11 9 23 
3 12 20 21 23 
3 12 11 21 24 
4 12 20 21 23 24 
4 12 20 18 22 25 
4 12 11 21 24 25 
4 12 11 9 8 26 
4 12 20 21 23 26 
6 12 11 9 8 7 3 27 
6 12 20 21 23 26 29 27 
6 12 20 18 22 25 2 28 
6 12 11 9 8 26 29 28 
5 12 11 9 8 26 29 
7 12 20 21 23 26 3 27 29 
7 12 20 18 22 25 2 28 30 
8 12 11 9 8 26 29 28 0 30 
1 13 14 
3 13 17 15 14 
2 13 14 15 
2 13 17 15 
2 13 14 16 
3 13 17 15 16 
1 13 17 
3 13 14 15 17 
2 13 20 18 
3 13 17 19 18 
2 13 17 19 
3 13 20 18 19 
1 13 20 
2 13 12 20 
2 13 20 21 
3 13 12 11 21 
3 13 20 18 22 
4 13 12 11 21 22 
3 13 20 21 23 
4 13 12 11 9 23 
3 13 20 21 24 
5 13 12 11 9 23 24 
4 13 20 18 22 25 
5 13 12 11 21 24 25 
4 13 20 21 23 26 
5 13 12 11 9 8 26 
6 13 20 21 23 26 3 27 
7 13 12 11 9 8 26 29 27 
6 13 20 18 22 25 2 28 
7 13 12 11 9 8 26 29 28 
5 13 20 21 23 26 29 
8 13 12 11 9 8 7 3 27 29 
8 13 20 18 22 25 2 28 0 30 
8 13 12 11 9 8 26 29 28 30 
1 14 15 
2 14 16 15 
1 14 16 
2 14 15 16 
2 14 13 17 
2 14 15 17 
3 14 13 20 18 
4 14 15 17 19 18 
4 14 13 20 18 19 
3 14 15 17 19 
2 14 13 20 
5 14 15 17 19 18 20 
3 14 13 20 21 
6 14 15 17 19 18 22 21 
6 14 15 17 13 20 18 22 
5 14 13 12 11 21 22 
6 14 15 17 13 20 21 23 
5 14 13 12 11 9 23 
4 14 13 20 21 24 
7 14 15 17 19 18 22 25 24 
7 14 15 17 13 20 18 22 25 
6 14 13 12 11 21 24 25 
5 14 13 20 21 23 26 
8 14 15 17 19 18 22 25 2 26 
7 14 13 20 21 23 26 3 27 
10 14 15 17 19 18 22 25 2 28 1 27 
9 14 15 17 13 20 18 22 25 2 28 
8 14 13 12 11 9 8 26 29 28 
6 14 13 20 21 23 26 29 
9 14 15 17 19 18 22 25 2 28 29 
10 14 13 12 11 9 8 26 29 28 0 30 
10 14 15 17 13 20 18 22 25 2 28 30 
1 15 16 
2 15 14 16 
1 15 17 
3 15 14 13 17 
3 15 17 19 18 
4 15 14 13 20 18 
2 15 17 19 
5 15 14 13 20 18 19 
3 15 14 13 20 
4 15 17 13 12 20 
4 15 14 13 20 21 
5 15 17 13 12 11 21 
4 15 17 19 18 22 
5 15 14 13 20 21 22 
5 15 14 13 20 21 23 
6 15 17 13 12 11 9 23 
5 15 14 13 20 21 24 
6 15 17 19 18 22 25 24 
5 15 17 19 18 22 25 
6 15 14 13 20 21 24 25 
6 15 14 13 20 21 23 26 
7 15 17 13 12 11 9 8 26 
8 15 14 13 20 21 23 26 3 27 
9 15 17 19 18 22 25 2 28 1 27 
7 15 17 19 18 22 25 2 28 
8 15 14 13 20 21 23 26 29 28 
7 15 14 13 20 21 23 26 29 
8 15 17 19 18 22 25 2 28 29 
9 15 17 19 18 22 25 2 28 0 30 
9 15 14 13 20 21 23 26 29 28 30 
2 16 15 17 
3 16 14 13 17 
4 16 15 17 19 18 
4 16 14 13 20 18 
3 16 15 17 19 
5 16 14 13 20 18 19 
3 16 14 13 20 
5 16 15 17 19 18 20 
4 16 14 13 20 21 
6 16 15 17 19 18 22 21 
5 16 15 17 19 18 22 
5 16 14 13 20 21 22 
6 16 14 13 12 11 9 23 
6 16 15 17 13 20 21 23 
5 16 14 13 20 21 24 
7 16 15 17 19 18 22 25 24 
6 16 15 17 19 18 22 25 
6 16 14 13 20 21 24 25 
6 16 14 13 20 21 23 26 
8 16 15 17 19 18 22 25 2 26 
8 16 14 13 20 21 23 26 3 27 
10 16 15 17 19 18 22 25 2 28 1 27 
8 16 15 17 19 18 22 25 2 28 
8 16 14 13 20 21 23 26 29 28 
7 16 14 13 20 21 23 26 29 
9 16 15 17 19 18 22 25 2 28 29 
9 16 15 17 19 18 22 25 2 28 30 
10 16 14 13 20 21 23 26 29 28 0 30 
2 17 19 18 
3 17 13 20 18 
1 17 19 
4 17 13 20 18 19 
2 17 13 20 
3 17 19 18 20 
3 17 13 20 21 
4 17 19 18 22 21 
3 17 19 18 22 
4 17 13 20 21 22 
4 17 13 20 21 23 
6 17 19 18 22 25 24 23 
4 17 13 20 21 24 
5 17 19 18 22 25 24 
4 17 19 18 22 25 
5 17 13 20 21 24 25 
5 17 13 20 21 23 26 
6 17 19 18 22 25 2 26 
7 17 13 20 21 23 26 3 27 
8 17 19 18 22 25 2 28 1 27 
6 17 19 18 22 25 2 28 
7 17 13 20 21 23 26 29 28 
6 17 13 20 21 23 26 29 
7 17 19 18 22 25 2 28 29 
8 17 19 18 22 25 2 28 0 30 
8 17 13 20 21 23 26 29 28 30 
1 18 19 
4 18 20 13 17 19 
1 18 20 
3 18 22 21 20 
2 18 20 21 
2 18 22 21 
1 18 22 
3 18 20 21 22 
3 18 20 21 23 
4 18 22 21 24 23 
3 18 20 21 24 
3 18 22 25 24 
2 18 22 25 
4 18 20 21 24 25 
4 18 22 25 2 26 
4 18 20 21 23 26 
6 18 22 25 2 28 1 27 
6 18 20 21 23 26 3 27 
4 18 22 25 2 28 
6 18 20 21 23 26 29 28 
5 18 22 25 2 26 29 
7 18 20 21 23 26 3 27 29 
7 18 20 21 23 26 29 28 30 
6 18 22 25 2 28 0 30 
2 19 18 20 
3 19 17 13 20 
3 19 18 20 21 
5 19 17 13 12 11 21 
2 19 18 22 
5 19 17 13 20 21 22 
4 19 18 20 21 23 
6 19 17 13 12 11 9 23 
4 19 18 20 21 24 
7 19 17 13 12 11 9 23 24 
3 19 18 22 25 
6 19 17 13 20 21 24 25 
5 19 18 22 25 2 26 
6 19 17 13 20 21 23 26 
7 19 18 22 25 2 28 1 27 
8 19 17 13 20 21 23 26 3 27 
5 19 18 22 25 2 28 
8 19 17 13 20 21 23 26 29 28 
8 19 18 22 25 2 26 3 27 29 
7 19 17 13 20 21 23 26 29 
9 19 17 13 20 21 23 26 29 28 30 
7 19 18 22 25 2 28 0 30 
1 20 21 
3 20 12 11 21 
2 20 18 22 
2 20 21 22 
2 20 21 23 
4 20 12 11 9 23 
2 20 21 24 
4 20 18 22 25 24 
3 20 18 22 25 
3 20 21 24 25 
3 20 21 23 26 
5 20 12 11 9 8 26 
5 20 21 23 26 3 27 
7 20 18 22 25 2 28 1 27 
5 20 18 22 25 2 28 
5 20 21 23 26 29 28 
4 20 21 23 26 29 
6 20 18 22 25 2 28 29 
6 20 18 22 25 2 28 30 
7 20 21 23 26 29 28 0 30 
1 21 22 
3 21 20 18 22 
1 21 23 
2 21 24 23 
1 21 24 
2 21 23 24 
2 21 22 25 
2 21 24 25 
2 21 23 26 
4 21 11 9 8 26 
4 21 23 26 3 27 
6 21 22 25 2 28 1 27 
4 21 22 25 2 28 
4 21 23 26 29 28 
3 21 23 26 29 
5 21 22 25 2 28 29 
5 21 22 25 2 28 30 
6 21 23 26 29 28 0 30 
2 22 21 23 
3 22 25 24 23 
2 22 21 24 
2 22 25 24 
1 22 25 
3 22 21 24 25 
3 22 25 2 26 
3 22 21 23 26 
5 22 25 2 28 1 27 
5 22 21 23 26 3 27 
3 22 25 2 28 
5 22 21 23 26 29 28 
4 22 25 2 26 29 
6 22 21 23 26 3 27 29 
6 22 21 23 26 29 28 30 
5 22 25 2 28 0 30 
1 23 24 
2 23 21 24 
2 23 24 25 
3 23 21 22 25 
1 23 26 
3 23 9 8 26 
3 23 26 3 27 
5 23 9 8 26 29 27 
3 23 26 2 28 
5 23 9 8 26 29 28 
2 23 26 29 
5 23 24 25 2 28 29 
6 23 9 8 26 2 28 30 
5 23 26 2 28 0 30 
1 24 25 
3 24 21 22 25 
2 24 23 26 
3 24 25 2 26 
4 24 23 26 3 27 
5 24 25 2 28 1 27 
3 24 25 2 28 
4 24 23 26 29 28 
3 24 23 26 29 
4 24 25 2 28 29 
5 24 25 2 28 0 30 
5 24 23 26 29 28 30 
2 25 2 26 
3 25 24 23 26 
4 25 2 28 1 27 
5 25 24 23 26 3 27 
2 25 2 28 
5 25 24 23 26 29 28 
5 25 2 26 3 27 29 
4 25 24 23 26 29 
6 25 24 23 26 29 28 30 
4 25 2 28 0 30 
2 26 3 27 
2 26 29 27 
2 26 2 28 
2 26 29 28 
1 26 29 
3 26 3 27 29 
3 26 2 28 30 
4 26 29 28 0 30 
2 27 1 28 
2 27 29 28 
1 27 29 
3 27 3 26 29 
3 27 1 0 30 
3 27 29 28 30 
1 28 29 
3 28 2 26 29 
1 28 30 
2 28 0 30 
2 29 28 30 
4 29 27 1 0 30 
protection coefficient = 1.32135
