3 0 9 10 1 
5 0 8 7 4 2 1 
3 0 13 5 2 
4 0 8 7 4 2 
3 0 13 5 3 
4 0 8 7 4 3 
3 0 8 7 4 
4 0 13 5 2 4 
2 0 13 5 
4 0 8 7 6 5 
3 0 13 5 6 
3 0 8 7 6 
2 0 8 7 
4 0 9 10 11 7 
1 0 8 
2 0 9 8 
1 0 9 
2 0 8 9 
2 0 9 10 
4 0 8 7 11 10 
3 0 8 7 11 
3 0 9 10 11 
2 0 13 12 
4 0 8 7 11 12 
1 0 13 
5 0 8 7 6 5 13 
1 1 2 
3 1 3 4 2 
1 1 3 
3 1 2 4 3 
2 1 2 4 
2 1 3 4 
2 1 2 5 
2 1 3 5 
3 1 2 5 6 
4 1 3 4 7 6 
3 1 2 4 7 
3 1 10 11 7 
3 1 10 9 8 
4 1 2 4 7 8 
2 1 10 9 
5 1 2 5 13 0 9 
1 1 10 
5 1 2 4 7 11 10 
2 1 10 11 
4 1 2 4 7 11 
3 1 10 11 12 
4 1 2 5 13 12 
3 1 2 5 13 
4 1 10 9 0 13 
2 2 1 3 
2 2 4 3 
1 2 4 
3 2 1 3 4 
1 2 5 
3 2 1 3 5 
2 2 5 6 
3 2 4 7 6 
2 2 4 7 
3 2 5 6 7 
3 2 4 7 8 
4 2 1 10 9 8 
3 2 1 10 9 
4 2 4 7 8 9 
2 2 1 10 
4 2 4 7 11 10 
3 2 4 7 11 
3 2 1 10 11 
3 2 5 13 12 
4 2 4 7 11 12 
2 2 5 13 
5 2 4 7 8 0 13 
1 3 4 
3 3 1 2 4 
1 3 5 
3 3 1 2 5 
2 3 5 6 
3 3 4 7 6 
2 3 4 7 
3 3 5 6 7 
3 3 4 7 8 
4 3 1 10 9 8 
3 3 1 10 9 
4 3 4 7 8 9 
2 3 1 10 
4 3 4 7 11 10 
3 3 4 7 11 
3 3 1 10 11 
3 3 5 13 12 
4 3 4 7 11 12 
2 3 5 13 
5 3 4 7 8 0 13 
2 4 2 5 
2 4 3 5 
2 4 7 6 
3 4 2 5 6 
1 4 7 
4 4 2 5 6 7 
2 4 7 8 
5 4 2 5 13 0 8 
3 4 7 8 9 
4 4 2 1 10 9 
3 4 2 1 10 
3 4 7 11 10 
2 4 7 11 
4 4 2 1 10 11 
3 4 7 11 12 
4 4 2 5 13 12 
3 4 2 5 13 
4 4 7 8 0 13 
1 5 6 
4 5 2 4 7 6 
2 5 6 7 
3 5 2 4 7 
3 5 13 0 8 
3 5 6 7 8 
3 5 13 0 9 
4 5 6 7 8 9 
3 5 2 1 10 
4 5 6 7 11 10 
3 5 6 7 11 
3 5 13 12 11 
2 5 13 12 
4 5 6 7 11 12 
1 5 13 
5 5 6 7 8 0 13 
1 6 7 
4 6 5 2 4 7 
2 6 7 8 
4 6 5 13 0 8 
3 6 7 8 9 
4 6 5 13 0 9 
3 6 7 11 10 
4 6 5 2 1 10 
2 6 7 11 
4 6 5 13 12 11 
3 6 7 11 12 
3 6 5 13 12 
2 6 5 13 
4 6 7 8 0 13 
1 7 8 
4 7 11 10 9 8 
2 7 8 9 
3 7 11 10 9 
2 7 11 10 
3 7 8 9 10 
1 7 11 
4 7 8 9 10 11 
2 7 11 12 
4 7 6 5 13 12 
3 7 8 0 13 
3 7 6 5 13 
1 8 9 
2 8 0 9 
2 8 9 10 
3 8 7 11 10 
2 8 7 11 
3 8 9 10 11 
3 8 7 11 12 
3 8 0 13 12 
2 8 0 13 
4 8 7 6 5 13 
1 9 10 
4 9 8 7 11 10 
2 9 10 11 
3 9 8 7 11 
3 9 10 11 12 
3 9 0 13 12 
2 9 0 13 
4 9 10 11 12 13 
1 10 11 
4 10 9 8 7 11 
2 10 11 12 
4 10 9 0 13 12 
3 10 9 0 13 
3 10 11 12 13 
1 11 12 
5 11 7 6 5 13 12 
2 11 12 13 
4 11 7 6 5 13 
1 12 13 
5 12 11 7 8 0 13 
protection coefficient = 1.69231
