1 0 1 
3 0 3 2 1 
2 0 1 2 
2 0 3 2 
1 0 3 
2 0 8 3 
2 0 3 4 
3 0 8 5 4 
2 0 8 5 
3 0 3 4 5 
2 0 8 6 
4 0 3 4 5 6 
1 0 7 
2 0 8 7 
1 0 8 
2 0 3 8 
3 0 8 6 9 
3 0 3 8 9 
3 0 8 9 10 
4 0 3 8 11 10 
3 0 8 9 11 
3 0 3 8 11 
3 0 8 11 12 
3 0 3 8 12 
3 0 8 11 13 
4 0 3 8 14 13 
4 0 8 11 13 14 
3 0 3 8 14 
3 0 8 6 15 
4 0 3 8 9 15 
3 0 8 11 16 
3 0 3 8 16 
1 1 2 
3 1 0 3 2 
2 1 0 3 
2 1 2 3 
4 1 0 8 5 4 
3 1 2 3 4 
3 1 0 8 5 
4 1 2 3 4 5 
3 1 0 8 6 
5 1 2 3 4 5 6 
2 1 0 7 
4 1 2 3 8 7 
2 1 0 8 
3 1 2 3 8 
4 1 0 8 6 9 
4 1 2 3 8 9 
4 1 0 8 9 10 
5 1 2 3 8 11 10 
4 1 0 8 9 11 
4 1 2 3 8 11 
4 1 0 8 11 12 
4 1 2 3 8 12 
4 1 0 8 11 13 
5 1 2 3 8 14 13 
5 1 0 8 11 13 14 
4 1 2 3 8 14 
4 1 0 8 6 15 
5 1 2 3 8 9 15 
4 1 0 8 11 16 
4 1 2 3 8 16 
1 2 3 
3 2 1 0 3 
2 2 3 4 
5 2 1 0 8 5 4 
3 2 3 4 5 
4 2 1 0 8 5 
4 2 3 8 5 6 
4 2 1 0 8 6 
3 2 1 0 7 
3 2 3 8 7 
2 2 3 8 
3 2 1 0 8 
4 2 3 8 6 9 
4 2 1 0 8 9 
4 2 3 8 9 10 
5 2 1 0 8 11 10 
4 2 3 8 9 11 
4 2 1 0 8 11 
4 2 3 8 11 12 
4 2 1 0 8 12 
4 2 3 8 11 13 
5 2 1 0 8 14 13 
5 2 3 8 11 13 14 
4 2 1 0 8 14 
4 2 3 8 6 15 
5 2 1 0 8 9 15 
4 2 3 8 11 16 
4 2 1 0 8 16 
1 3 4 
3 3 8 5 4 
2 3 4 5 
2 3 8 5 
2 3 8 6 
3 3 4 5 6 
2 3 0 7 
2 3 8 7 
1 3 8 
2 3 0 8 
2 3 8 9 
4 3 4 5 6 9 
3 3 8 9 10 
4 3 0 8 11 10 
3 3 8 9 11 
3 3 0 8 11 
3 3 8 11 12 
3 3 0 8 12 
3 3 8 11 13 
4 3 0 8 14 13 
4 3 8 11 13 14 
3 3 0 8 14 
3 3 8 6 15 
4 3 0 8 9 15 
3 3 8 11 16 
3 3 0 8 16 
1 4 5 
3 4 3 8 5 
2 4 5 6 
3 4 3 8 6 
3 4 3 0 7 
3 4 5 8 7 
2 4 3 8 
2 4 5 8 
3 4 5 6 9 
3 4 3 8 9 
4 4 5 6 9 10 
4 4 3 8 11 10 
3 4 3 8 11 
4 4 5 6 9 11 
3 4 3 8 12 
4 4 5 8 11 12 
4 4 3 8 11 13 
4 4 5 8 14 13 
3 4 3 8 14 
5 4 5 8 11 13 14 
3 4 5 6 15 
4 4 3 8 9 15 
3 4 3 8 16 
4 4 5 8 11 16 
1 5 6 
2 5 8 6 
2 5 8 7 
4 5 4 3 0 7 
1 5 8 
2 5 6 8 
2 5 6 9 
2 5 8 9 
3 5 6 9 10 
3 5 8 11 10 
2 5 8 11 
3 5 6 9 11 
2 5 8 12 
4 5 6 9 11 12 
3 5 8 11 13 
4 5 6 8 14 13 
2 5 8 14 
5 5 6 9 11 13 14 
2 5 6 15 
3 5 8 9 15 
2 5 8 16 
4 5 6 9 11 16 
3 6 8 0 7 
3 6 5 8 7 
1 6 8 
2 6 5 8 
1 6 9 
2 6 8 9 
2 6 9 10 
3 6 8 11 10 
2 6 8 11 
2 6 9 11 
2 6 8 12 
3 6 9 11 12 
3 6 8 11 13 
4 6 5 8 14 13 
2 6 8 14 
4 6 9 11 13 14 
1 6 15 
2 6 9 15 
2 6 8 16 
3 6 9 11 16 
1 7 8 
2 7 0 8 
3 7 8 6 9 
3 7 0 8 9 
3 7 8 9 10 
4 7 0 8 11 10 
3 7 8 9 11 
3 7 0 8 11 
3 7 8 11 12 
3 7 0 8 12 
3 7 8 11 13 
4 7 0 8 14 13 
4 7 8 11 13 14 
3 7 0 8 14 
3 7 8 6 15 
4 7 0 8 9 15 
3 7 8 11 16 
3 7 0 8 16 
1 8 9 
2 8 6 9 
2 8 9 10 
2 8 11 10 
1 8 11 
2 8 9 11 
1 8 12 
2 8 11 12 
2 8 11 13 
2 8 14 13 
1 8 14 
3 8 11 13 14 
2 8 6 15 
2 8 9 15 
1 8 16 
2 8 11 16 
1 9 10 
2 9 11 10 
1 9 11 
2 9 8 11 
2 9 8 12 
2 9 11 12 
2 9 11 13 
3 9 8 14 13 
2 9 8 14 
3 9 11 13 14 
1 9 15 
2 9 6 15 
2 9 8 16 
2 9 11 16 
1 10 11 
2 10 9 11 
2 10 11 12 
3 10 9 8 12 
2 10 11 13 
4 10 9 8 14 13 
3 10 9 8 14 
3 10 11 13 14 
2 10 9 15 
4 10 11 8 6 15 
2 10 11 16 
3 10 9 8 16 
1 11 12 
2 11 8 12 
1 11 13 
3 11 8 14 13 
2 11 8 14 
2 11 13 14 
2 11 9 15 
3 11 8 6 15 
1 11 16 
2 11 8 16 
2 12 11 13 
3 12 8 14 13 
2 12 8 14 
3 12 11 13 14 
3 12 8 6 15 
3 12 11 9 15 
2 12 8 16 
2 12 11 16 
1 13 14 
3 13 11 8 14 
3 13 11 9 15 
4 13 14 8 6 15 
2 13 11 16 
3 13 14 8 16 
3 14 8 6 15 
4 14 13 11 9 15 
2 14 8 16 
3 14 13 11 16 
3 15 6 8 16 
3 15 9 11 16 
protection coefficient = 1.32578
