1 0 1 
2 0 5 1 
3 0 1 3 2 
3 0 5 1 2 
2 0 1 3 
4 0 5 6 4 3 
3 0 1 3 4 
3 0 5 6 4 
1 0 5 
2 0 1 5 
2 0 5 6 
4 0 1 3 4 6 
3 0 5 6 7 
4 0 1 3 4 7 
3 0 1 9 8 
4 0 5 1 10 8 
2 0 1 9 
4 0 5 6 4 9 
2 0 1 10 
5 0 5 6 4 9 10 
3 0 1 9 11 
4 0 5 1 10 11 
5 0 1 9 11 13 12 
5 0 1 10 11 13 12 
5 0 1 9 11 12 13 
5 0 1 10 11 12 13 
5 0 1 9 11 13 14 
5 0 1 10 11 13 14 
4 0 1 10 8 15 
4 0 5 1 9 15 
1 1 2 
2 1 3 2 
1 1 3 
2 1 2 3 
2 1 3 4 
3 1 5 6 4 
1 1 5 
2 1 0 5 
2 1 5 6 
3 1 3 4 6 
3 1 3 4 7 
3 1 5 6 7 
2 1 9 8 
2 1 10 8 
1 1 9 
2 1 10 9 
1 1 10 
2 1 9 10 
2 1 9 11 
2 1 10 11 
3 1 9 11 12 
4 1 10 11 13 12 
3 1 9 11 13 
4 1 10 11 12 13 
3 1 9 11 14 
4 1 10 11 13 14 
2 1 9 15 
3 1 10 8 15 
1 2 3 
2 2 1 3 
2 2 3 4 
3 2 1 9 4 
2 2 1 5 
4 2 3 4 6 5 
3 2 3 4 6 
3 2 1 5 6 
3 2 3 4 7 
4 2 1 5 6 7 
3 2 1 9 8 
4 2 3 1 10 8 
2 2 1 9 
3 2 3 4 9 
2 2 1 10 
4 2 3 4 9 10 
3 2 1 9 11 
4 2 3 1 10 11 
5 2 1 9 11 13 12 
5 2 1 10 11 13 12 
5 2 1 9 11 12 13 
5 2 1 10 11 12 13 
4 2 1 9 11 14 
5 2 3 4 9 15 14 
4 2 1 9 8 15 
4 2 3 4 9 15 
1 3 4 
3 3 1 9 4 
2 3 1 5 
3 3 4 6 5 
2 3 4 6 
3 3 1 5 6 
2 3 4 7 
4 3 1 5 6 7 
3 3 1 9 8 
4 3 2 1 10 8 
2 3 1 9 
2 3 4 9 
2 3 1 10 
3 3 4 9 10 
3 3 1 9 11 
4 3 2 1 10 11 
5 3 1 9 11 13 12 
5 3 1 10 11 13 12 
5 3 1 9 11 12 13 
5 3 1 10 11 12 13 
4 3 1 9 11 14 
4 3 4 9 15 14 
3 3 1 9 15 
4 3 4 9 8 15 
2 4 6 5 
3 4 3 1 5 
1 4 6 
2 4 7 6 
1 4 7 
2 4 6 7 
2 4 9 8 
4 4 3 1 10 8 
1 4 9 
3 4 3 1 9 
2 4 9 10 
3 4 3 1 10 
2 4 9 11 
4 4 3 1 10 11 
5 4 3 1 10 11 12 
4 4 9 11 13 12 
5 4 3 1 10 11 13 
4 4 9 11 12 13 
3 4 9 11 14 
5 4 3 1 9 15 14 
2 4 9 15 
5 4 3 1 10 8 15 
1 5 6 
4 5 1 3 4 6 
2 5 6 7 
4 5 1 3 4 7 
3 5 1 9 8 
4 5 0 1 10 8 
2 5 1 9 
3 5 6 4 9 
2 5 1 10 
4 5 6 4 9 10 
3 5 1 9 11 
4 5 0 1 10 11 
5 5 1 9 11 13 12 
5 5 1 10 11 13 12 
5 5 1 9 11 12 13 
5 5 1 10 11 12 13 
4 5 1 9 11 14 
5 5 6 4 9 15 14 
4 5 1 9 8 15 
4 5 6 4 9 15 
1 6 7 
2 6 4 7 
3 6 4 9 8 
4 6 5 1 10 8 
2 6 4 9 
3 6 5 1 9 
3 6 5 1 10 
3 6 4 9 10 
3 6 4 9 11 
4 6 5 1 10 11 
5 6 4 9 11 13 12 
5 6 5 1 10 11 12 
5 6 4 9 11 12 13 
5 6 5 1 10 11 13 
4 6 4 9 11 14 
5 6 5 1 9 15 14 
3 6 4 9 15 
5 6 5 1 10 8 15 
3 7 4 9 8 
5 7 6 5 1 10 8 
2 7 4 9 
4 7 6 5 1 9 
3 7 4 9 10 
4 7 6 5 1 10 
3 7 4 9 11 
5 7 6 5 1 10 11 
6 7 6 5 1 10 11 12 
5 7 4 9 11 13 12 
6 7 6 5 1 10 11 13 
5 7 4 9 11 12 13 
4 7 4 9 11 14 
6 7 6 5 1 9 15 14 
3 7 4 9 15 
6 7 6 5 1 10 8 15 
1 8 9 
2 8 10 9 
1 8 10 
2 8 9 10 
2 8 9 11 
2 8 10 11 
3 8 9 11 12 
4 8 10 11 13 12 
3 8 9 11 13 
3 8 15 14 13 
2 8 15 14 
3 8 9 11 14 
1 8 15 
2 8 9 15 
1 9 10 
2 9 1 10 
1 9 11 
2 9 10 11 
2 9 11 12 
4 9 15 14 13 12 
2 9 11 13 
3 9 15 14 13 
2 9 11 14 
2 9 15 14 
1 9 15 
2 9 8 15 
1 10 11 
2 10 9 11 
3 10 11 13 12 
3 10 9 11 12 
3 10 11 12 13 
3 10 9 11 13 
2 10 11 14 
3 10 8 15 14 
2 10 8 15 
2 10 9 15 
1 11 12 
2 11 13 12 
1 11 13 
2 11 12 13 
1 11 14 
2 11 13 14 
2 11 9 15 
2 11 14 15 
1 12 13 
2 12 11 13 
2 12 11 14 
2 12 13 14 
3 12 11 9 15 
3 12 13 14 15 
1 13 14 
2 13 11 14 
2 13 14 15 
3 13 11 9 15 
1 14 15 
3 14 11 9 15 
protection coefficient = 1.35692
