2 0 16 1 
3 0 14 15 1 
3 0 16 1 2 
3 0 14 15 2 
3 0 14 15 3 
4 0 16 1 2 3 
4 0 14 15 3 4 
4 0 16 15 10 4 
5 0 14 15 3 4 5 
7 0 16 15 10 4 7 6 5 
6 0 14 15 3 4 5 6 
6 0 16 15 10 4 7 6 
5 0 14 15 3 4 7 
6 0 16 15 10 9 8 7 
5 0 14 11 10 9 8 
6 0 16 15 3 4 7 8 
4 0 14 11 10 9 
7 0 16 15 3 4 7 8 9 
3 0 14 11 10 
3 0 16 15 10 
2 0 14 11 
4 0 16 15 10 11 
3 0 14 11 12 
5 0 16 15 14 13 12 
4 0 14 11 12 13 
4 0 16 15 14 13 
1 0 14 
3 0 16 15 14 
2 0 14 15 
2 0 16 15 
1 0 16 
3 0 14 15 16 
1 1 2 
2 1 15 2 
2 1 2 3 
2 1 15 3 
3 1 2 3 4 
3 1 15 10 4 
4 1 2 3 4 5 
6 1 15 10 4 7 6 5 
5 1 2 3 4 5 6 
5 1 15 10 4 7 6 
4 1 2 3 4 7 
5 1 15 10 9 8 7 
4 1 15 10 9 8 
5 1 2 3 4 7 8 
3 1 15 10 9 
6 1 2 3 4 7 8 9 
2 1 15 10 
3 1 2 3 10 
3 1 15 10 11 
4 1 16 0 14 11 
4 1 15 10 11 12 
5 1 16 0 14 13 12 
3 1 15 14 13 
6 1 2 3 10 11 12 13 
2 1 15 14 
3 1 16 0 14 
1 1 15 
2 1 2 15 
1 1 16 
2 1 15 16 
1 2 3 
2 2 15 3 
2 2 3 4 
3 2 15 10 4 
5 2 3 4 7 6 5 
4 2 15 10 4 5 
4 2 3 4 5 6 
5 2 15 10 4 7 6 
3 2 3 4 7 
5 2 15 10 9 8 7 
4 2 3 4 7 8 
4 2 15 10 9 8 
3 2 3 10 9 
6 2 15 10 4 7 8 9 
2 2 3 10 
2 2 15 10 
3 2 3 10 11 
3 2 15 14 11 
4 2 3 10 11 12 
4 2 15 14 13 12 
3 2 15 14 13 
5 2 3 10 11 12 13 
2 2 15 14 
4 2 3 10 11 14 
1 2 15 
2 2 1 15 
2 2 1 16 
2 2 15 16 
1 3 4 
2 3 10 4 
4 3 4 7 6 5 
3 3 10 4 5 
3 3 4 5 6 
4 3 10 4 7 6 
2 3 4 7 
4 3 10 9 8 7 
3 3 4 7 8 
3 3 10 9 8 
2 3 10 9 
4 3 4 7 8 9 
1 3 10 
2 3 4 10 
2 3 10 11 
3 3 15 14 11 
3 3 10 11 12 
4 3 15 14 13 12 
3 3 15 14 13 
4 3 10 11 12 13 
2 3 15 14 
3 3 10 11 14 
1 3 15 
2 3 2 15 
2 3 15 16 
3 3 2 1 16 
1 4 5 
3 4 7 6 5 
2 4 5 6 
2 4 7 6 
1 4 7 
3 4 5 6 7 
2 4 7 8 
3 4 10 9 8 
2 4 10 9 
3 4 7 8 9 
1 4 10 
2 4 3 10 
2 4 10 11 
4 4 3 15 14 11 
3 4 10 11 12 
5 4 3 15 14 13 12 
4 4 10 11 12 13 
4 4 3 15 14 13 
3 4 10 11 14 
3 4 3 15 14 
2 4 3 15 
2 4 10 15 
3 4 3 15 16 
5 4 10 11 14 0 16 
1 5 6 
3 5 4 7 6 
2 5 4 7 
2 5 6 7 
4 5 4 10 9 8 
3 5 6 7 8 
3 5 4 10 9 
4 5 6 7 8 9 
2 5 4 10 
5 5 6 7 8 9 10 
5 5 4 3 15 14 11 
5 5 6 7 4 10 11 
6 5 4 3 15 14 13 12 
6 5 6 7 4 10 11 12 
5 5 4 10 11 12 13 
7 5 6 7 4 3 15 14 13 
4 5 4 10 11 14 
6 5 6 7 4 3 15 14 
3 5 4 3 15 
5 5 6 7 4 10 15 
6 5 4 10 11 14 0 16 
6 5 6 7 4 3 15 16 
1 6 7 
3 6 5 4 7 
2 6 7 8 
5 6 5 4 10 9 8 
3 6 7 8 9 
4 6 5 4 10 9 
3 6 5 4 10 
4 6 7 4 3 10 
4 6 5 4 10 11 
6 6 7 4 3 15 14 11 
5 6 5 4 10 11 12 
7 6 7 4 3 15 14 13 12 
6 6 5 4 10 11 12 13 
6 6 7 4 3 15 14 13 
5 6 5 4 10 11 14 
5 6 7 4 3 15 14 
4 6 5 4 3 15 
4 6 7 4 10 15 
5 6 5 4 3 15 16 
7 6 7 4 10 11 14 0 16 
1 7 8 
4 7 4 10 9 8 
2 7 8 9 
3 7 4 10 9 
2 7 4 10 
3 7 8 9 10 
5 7 4 10 15 14 11 
4 7 8 9 10 11 
6 7 4 10 15 14 13 12 
5 7 8 9 10 11 12 
5 7 4 10 11 12 13 
6 7 8 9 10 15 14 13 
4 7 4 10 11 14 
5 7 8 9 10 15 14 
3 7 4 3 15 
4 7 8 9 10 15 
4 7 4 3 15 16 
7 7 8 9 10 11 14 0 16 
1 8 9 
4 8 7 4 10 9 
2 8 9 10 
3 8 7 4 10 
3 8 9 10 11 
6 8 7 4 3 15 14 11 
4 8 9 10 11 12 
7 8 7 4 3 15 14 13 12 
5 8 9 10 11 12 13 
6 8 7 4 3 15 14 13 
4 8 9 10 11 14 
5 8 7 4 3 15 14 
3 8 9 10 15 
4 8 7 4 3 15 
4 8 9 10 15 16 
6 8 7 4 3 2 1 16 
1 9 10 
4 9 8 7 4 10 
2 9 10 11 
7 9 8 7 4 3 15 14 11 
3 9 10 11 12 
8 9 8 7 4 3 15 14 13 12 
4 9 10 11 12 13 
7 9 8 7 4 3 15 14 13 
3 9 10 11 14 
6 9 8 7 4 3 15 14 
2 9 10 15 
5 9 8 7 4 3 15 
3 9 10 15 16 
7 9 8 7 4 3 2 1 16 
1 10 11 
3 10 15 14 11 
2 10 11 12 
4 10 15 14 13 12 
3 10 11 12 13 
3 10 15 14 13 
2 10 11 14 
2 10 15 14 
1 10 15 
2 10 3 15 
2 10 15 16 
4 10 11 14 0 16 
1 11 12 
3 11 14 13 12 
2 11 12 13 
2 11 14 13 
1 11 14 
3 11 12 13 14 
2 11 10 15 
2 11 14 15 
3 11 14 0 16 
3 11 10 15 16 
1 12 13 
3 12 11 14 13 
2 12 11 14 
2 12 13 14 
3 12 11 10 15 
3 12 13 14 15 
4 12 11 14 0 16 
4 12 13 14 15 16 
1 13 14 
3 13 12 11 14 
2 13 14 15 
4 13 12 11 10 15 
3 13 14 0 16 
5 13 12 11 10 15 16 
1 14 15 
3 14 11 10 15 
2 14 0 16 
2 14 15 16 
1 15 16 
2 15 1 16 
protection coefficient = 1.45619
