1 0 1 
2 0 10 1 
2 0 1 2 
2 0 10 2 
3 0 1 2 3 
4 0 10 8 6 3 
4 0 1 2 3 4 
4 0 10 8 6 4 
4 0 1 2 3 5 
4 0 10 8 6 5 
3 0 10 8 6 
4 0 1 2 3 6 
3 0 10 8 7 
5 0 1 2 3 6 7 
3 0 10 9 8 
3 0 1 10 8 
3 0 10 8 9 
3 0 1 10 9 
1 0 10 
2 0 1 10 
2 0 10 11 
3 0 1 2 11 
1 1 2 
2 1 10 2 
2 1 2 3 
4 1 10 8 6 3 
3 1 2 3 4 
4 1 10 8 6 4 
3 1 2 3 5 
4 1 10 8 6 5 
3 1 2 3 6 
3 1 10 8 6 
3 1 10 8 7 
4 1 2 3 6 7 
2 1 10 8 
4 1 2 3 6 8 
3 1 10 8 9 
3 1 0 10 9 
1 1 10 
2 1 0 10 
2 1 2 11 
2 1 10 11 
1 2 3 
4 2 10 8 6 3 
2 2 3 4 
4 2 10 8 6 4 
2 2 3 5 
4 2 10 8 6 5 
2 2 3 6 
3 2 10 8 6 
3 2 3 6 7 
3 2 10 8 7 
2 2 10 8 
3 2 3 6 8 
2 2 10 9 
4 2 3 6 8 9 
1 2 10 
2 2 1 10 
1 2 11 
2 2 10 11 
1 3 4 
2 3 6 4 
1 3 5 
2 3 6 5 
1 3 6 
2 3 4 6 
2 3 6 7 
4 3 2 10 8 7 
2 3 6 8 
3 3 2 10 8 
3 3 6 8 9 
3 3 2 10 9 
2 3 2 10 
3 3 6 8 10 
2 3 2 11 
4 3 6 8 10 11 
2 4 3 5 
2 4 6 5 
1 4 6 
2 4 3 6 
3 4 6 8 7 
3 4 3 6 7 
2 4 6 8 
4 4 3 2 10 8 
3 4 6 8 9 
4 4 3 2 10 9 
3 4 3 2 10 
3 4 6 8 10 
3 4 3 2 11 
4 4 6 8 10 11 
1 5 6 
2 5 3 6 
3 5 6 8 7 
3 5 3 6 7 
2 5 6 8 
4 5 3 2 10 8 
3 5 6 8 9 
4 5 3 2 10 9 
3 5 3 2 10 
3 5 6 8 10 
3 5 3 2 11 
4 5 6 8 10 11 
1 6 7 
2 6 8 7 
1 6 8 
2 6 7 8 
2 6 8 9 
4 6 3 2 10 9 
2 6 8 10 
3 6 3 2 10 
3 6 3 2 11 
3 6 8 10 11 
1 7 8 
2 7 6 8 
3 7 8 10 9 
3 7 6 8 9 
2 7 8 10 
4 7 6 3 2 10 
3 7 8 10 11 
4 7 6 3 2 11 
1 8 9 
2 8 10 9 
1 8 10 
2 8 9 10 
2 8 10 11 
4 8 6 3 2 11 
1 9 10 
2 9 8 10 
3 9 10 2 11 
3 9 8 10 11 
1 10 11 
2 10 2 11 
protection coefficient = 1.42568
