1 0 1 
6 0 17 18 19 13 11 1 
2 0 1 2 
7 0 16 15 14 9 5 3 2 
3 0 1 2 3 
6 0 16 15 14 9 5 3 
4 0 1 2 3 4 
6 0 16 15 14 9 5 4 
4 0 1 2 3 5 
5 0 16 15 14 9 5 
4 0 1 2 10 6 
6 0 16 15 14 9 5 6 
5 0 1 2 10 6 7 
6 0 17 18 19 13 12 7 
4 0 1 2 10 8 
6 0 17 18 19 13 12 8 
3 0 1 11 9 
4 0 16 15 14 9 
3 0 1 2 10 
7 0 17 18 19 13 12 8 10 
2 0 1 11 
5 0 17 18 19 13 11 
5 0 1 2 10 8 12 
5 0 17 18 19 13 12 
3 0 1 11 13 
4 0 17 18 19 13 
3 0 16 15 14 
4 0 17 18 19 14 
2 0 16 15 
3 0 17 18 15 
1 0 16 
2 0 17 16 
1 0 17 
2 0 16 17 
2 0 17 18 
3 0 16 15 18 
3 0 17 18 19 
4 0 1 11 13 19 
1 1 2 
5 1 11 9 5 3 2 
2 1 2 3 
4 1 11 9 5 3 
3 1 2 3 4 
4 1 11 9 5 4 
3 1 11 9 5 
3 1 2 3 5 
3 1 2 10 6 
4 1 11 9 5 6 
4 1 11 13 12 7 
4 1 2 10 6 7 
3 1 2 10 8 
4 1 11 13 12 8 
2 1 11 9 
4 1 2 3 5 9 
2 1 2 10 
5 1 11 13 12 8 10 
1 1 11 
5 1 2 3 5 9 11 
3 1 11 13 12 
4 1 2 10 8 12 
2 1 11 13 
5 1 0 17 18 19 13 
3 1 11 9 14 
4 1 0 16 15 14 
3 1 0 16 15 
4 1 11 9 14 15 
2 1 0 16 
5 1 11 9 14 15 16 
2 1 0 17 
5 1 11 13 19 18 17 
3 1 0 17 18 
4 1 11 13 19 18 
3 1 11 13 19 
4 1 0 17 18 19 
1 2 3 
4 2 10 8 4 3 
2 2 3 4 
3 2 10 8 4 
2 2 3 5 
3 2 10 6 5 
2 2 10 6 
3 2 3 5 6 
3 2 10 6 7 
4 2 3 4 8 7 
2 2 10 8 
3 2 3 4 8 
3 2 1 11 9 
3 2 3 5 9 
1 2 10 
4 2 3 5 6 10 
2 2 1 11 
4 2 3 5 9 11 
3 2 10 8 12 
4 2 1 11 13 12 
3 2 1 11 13 
4 2 10 8 12 13 
4 2 3 5 9 14 
5 2 1 0 16 15 14 
4 2 1 0 16 15 
5 2 3 5 9 14 15 
3 2 1 0 16 
6 2 3 5 9 14 15 16 
3 2 1 0 17 
7 2 3 5 9 14 15 18 17 
4 2 1 0 17 18 
6 2 3 5 9 14 19 18 
4 2 1 11 13 19 
5 2 3 5 9 14 19 
1 3 4 
2 3 5 4 
1 3 5 
2 3 4 5 
2 3 5 6 
3 3 2 10 6 
3 3 5 6 7 
3 3 4 8 7 
2 3 4 8 
3 3 2 10 8 
2 3 5 9 
4 3 2 1 11 9 
2 3 2 10 
3 3 4 8 10 
3 3 2 1 11 
3 3 5 9 11 
3 3 4 8 12 
4 3 5 9 13 12 
3 3 5 9 13 
4 3 4 8 12 13 
3 3 5 9 14 
6 3 2 1 0 16 15 14 
4 3 5 9 14 15 
5 3 2 1 0 16 15 
4 3 2 1 0 16 
5 3 5 9 14 15 16 
4 3 2 1 0 17 
6 3 5 9 14 19 18 17 
5 3 5 9 14 19 18 
5 3 2 1 0 17 18 
4 3 5 9 14 19 
5 3 2 1 11 13 19 
1 4 5 
2 4 3 5 
2 4 5 6 
3 4 8 7 6 
2 4 8 7 
3 4 5 6 7 
1 4 8 
4 4 5 6 7 8 
2 4 5 9 
4 4 8 12 13 9 
2 4 8 10 
3 4 5 6 10 
3 4 5 9 11 
4 4 3 2 1 11 
2 4 8 12 
4 4 5 6 7 12 
3 4 8 12 13 
3 4 5 9 13 
3 4 5 9 14 
5 4 8 12 13 19 14 
4 4 5 9 14 15 
6 4 3 2 1 0 16 15 
5 4 3 2 1 0 16 
5 4 5 9 14 15 16 
5 4 3 2 1 0 17 
6 4 5 9 14 19 18 17 
5 4 8 12 13 19 18 
5 4 5 9 14 15 18 
4 4 8 12 13 19 
4 4 5 9 14 19 
1 5 6 
4 5 3 2 10 6 
2 5 6 7 
3 5 4 8 7 
2 5 4 8 
3 5 6 10 8 
1 5 9 
5 5 3 2 1 11 9 
2 5 6 10 
3 5 3 2 10 
2 5 9 11 
4 5 3 2 1 11 
3 5 9 13 12 
3 5 6 7 12 
2 5 9 13 
4 5 6 7 12 13 
2 5 9 14 
6 5 6 7 12 13 19 14 
3 5 9 14 15 
6 5 3 2 1 0 16 15 
4 5 9 14 15 16 
5 5 3 2 1 0 16 
5 5 9 14 19 18 17 
5 5 3 2 1 0 17 
4 5 9 14 15 18 
6 5 4 8 12 13 19 18 
3 5 9 14 19 
5 5 4 8 12 13 19 
1 6 7 
3 6 10 8 7 
2 6 7 8 
2 6 10 8 
2 6 5 9 
4 6 7 12 13 9 
1 6 10 
3 6 7 8 10 
3 6 5 9 11 
4 6 7 12 13 11 
2 6 7 12 
3 6 10 8 12 
3 6 5 9 13 
3 6 7 12 13 
3 6 5 9 14 
5 6 7 12 13 19 14 
4 6 5 9 14 15 
6 6 10 2 1 0 16 15 
5 6 5 9 14 15 16 
5 6 10 2 1 0 16 
5 6 10 2 1 0 17 
6 6 5 9 14 19 18 17 
5 6 5 9 14 15 18 
5 6 7 12 13 19 18 
4 6 7 12 13 19 
4 6 5 9 14 19 
1 7 8 
2 7 12 8 
3 7 6 5 9 
3 7 12 13 9 
2 7 6 10 
2 7 8 10 
3 7 12 13 11 
4 7 6 5 9 11 
1 7 12 
2 7 8 12 
2 7 12 13 
4 7 6 5 9 13 
4 7 6 5 9 14 
4 7 12 13 19 14 
5 7 12 13 19 18 15 
5 7 6 5 9 14 15 
6 7 12 13 19 18 17 16 
6 7 6 5 9 14 15 16 
5 7 12 13 19 18 17 
6 7 8 10 2 1 0 17 
4 7 12 13 19 18 
6 7 6 5 9 14 15 18 
3 7 12 13 19 
5 7 6 5 9 14 19 
3 8 4 5 9 
3 8 12 13 9 
1 8 10 
3 8 7 6 10 
3 8 12 13 11 
4 8 10 2 1 11 
1 8 12 
2 8 7 12 
2 8 12 13 
4 8 4 5 9 13 
4 8 12 13 19 14 
4 8 4 5 9 14 
5 8 12 13 19 18 15 
5 8 4 5 9 14 15 
5 8 10 2 1 0 16 
6 8 12 13 19 18 17 16 
5 8 12 13 19 18 17 
5 8 10 2 1 0 17 
4 8 12 13 19 18 
6 8 4 5 9 14 15 18 
3 8 12 13 19 
5 8 4 5 9 14 19 
3 9 5 6 10 
4 9 13 12 8 10 
1 9 11 
2 9 13 11 
2 9 13 12 
4 9 5 6 7 12 
1 9 13 
2 9 11 13 
1 9 14 
3 9 13 19 14 
2 9 14 15 
4 9 13 19 18 15 
3 9 14 15 16 
4 9 11 1 0 16 
4 9 14 15 18 17 
4 9 11 1 0 17 
3 9 14 15 18 
3 9 13 19 18 
2 9 14 19 
2 9 13 19 
3 10 2 1 11 
4 10 6 5 9 11 
2 10 8 12 
3 10 6 7 12 
3 10 8 12 13 
4 10 6 5 9 13 
4 10 6 5 9 14 
5 10 8 12 13 19 14 
5 10 2 1 0 16 15 
5 10 6 5 9 14 15 
4 10 2 1 0 16 
6 10 6 5 9 14 15 16 
4 10 2 1 0 17 
6 10 8 12 13 19 18 17 
5 10 8 12 13 19 18 
5 10 2 1 0 17 18 
4 10 8 12 13 19 
5 10 6 5 9 14 19 
2 11 13 12 
5 11 1 2 10 8 12 
1 11 13 
2 11 9 13 
2 11 9 14 
3 11 13 19 14 
3 11 9 14 15 
4 11 1 0 16 15 
3 11 1 0 16 
4 11 9 14 15 16 
3 11 1 0 17 
4 11 13 19 18 17 
3 11 13 19 18 
4 11 1 0 17 18 
2 11 13 19 
3 11 9 14 19 
1 12 13 
5 12 7 6 5 9 13 
3 12 13 19 14 
5 12 7 6 5 9 14 
4 12 13 19 18 15 
6 12 8 4 5 9 14 15 
5 12 13 19 18 17 16 
6 12 8 10 2 1 0 16 
4 12 13 19 18 17 
6 12 8 10 2 1 0 17 
3 12 13 19 18 
7 12 8 10 2 1 0 17 18 
2 12 13 19 
6 12 7 6 5 9 14 19 
2 13 9 14 
2 13 19 14 
3 13 9 14 15 
3 13 19 18 15 
4 13 19 18 17 16 
4 13 9 14 15 16 
3 13 19 18 17 
4 13 11 1 0 17 
2 13 19 18 
4 13 9 14 15 18 
1 13 19 
3 13 9 14 19 
1 14 15 
3 14 19 18 15 
2 14 15 16 
4 14 19 18 17 16 
3 14 19 18 17 
3 14 15 16 17 
2 14 19 18 
2 14 15 18 
1 14 19 
3 14 15 18 19 
1 15 16 
3 15 18 17 16 
2 15 16 17 
2 15 18 17 
1 15 18 
3 15 16 17 18 
2 15 18 19 
2 15 14 19 
1 16 17 
2 16 0 17 
2 16 17 18 
2 16 15 18 
3 16 17 18 19 
3 16 15 14 19 
1 17 18 
3 17 16 15 18 
2 17 18 19 
4 17 16 15 14 19 
1 18 19 
3 18 15 14 19 
sum Working = 524
sum Backup = 783
protection coefficient = 1.49427
